0,0,0,0,0,0,0,-7.856e-05,2.9665e-05,-0.00023557,-3.6416e-05,5.4335e-05,3.8772e-05,0.00015706,0,0,0,0,0,0,0,0,0,0,0,0,0,0,0,0,0,0,0,0,0,0
0,0,0,0,0,0,0,-0.00031424,0.00011866,-0.00094226,-0.00014567,0.00021734,0.00015509,0.00062823,0,0,0,0,0,0,0,0,0,0,0,0,0,0,0,0,0,0,0,0,0,0
0,0,0,0,0,0,0,-0.00070704,0.00026698,-0.0021201,-0.00032775,0.00048902,0.00034895,0.0014135,0,0,0,0,0,0,0,0,0,0,0,0,0,0,0,0,0,0,0,0,0,0
0,0,0,0,0,0,0,-0.001257,0.00047464,-0.003769,-0.00058266,0.00086937,0.00062036,0.0025129,0,0,0,0,0,0,0,0,0,0,0,0,0,0,0,0,0,0,0,0,0,0
0,0,0,0,0,0,0,-0.001964,0.00074162,-0.0058891,-0.0009104,0.0013584,0.00096931,0.0039265,0,0,0,0,0,0,0,0,0,0,0,0,0,0,0,0,0,0,0,0,0,0
0,0,0,0,0,0,0,-0.0028282,0.0010679,-0.0084804,-0.001311,0.0019561,0.0013958,0.0056541,0,0,0,0,0,0,0,0,0,0,0,0,0,0,0,0,0,0,0,0,0,0
0,0,0,0,0,0,0,-0.0038494,0.0014536,-0.011543,-0.0017844,0.0026624,0.0018998,0.0076959,0,0,0,0,0,0,0,0,0,0,0,0,0,0,0,0,0,0,0,0,0,0
0,0,0,0,0,0,0,-0.0050278,0.0018985,-0.015076,-0.0023306,0.0034775,0.0024814,0.010052,0,0,0,0,0,0,0,0,0,0,0,0,0,0,0,0,0,0,0,0,0,0
0,0,0,0,0,0,0,-0.0063633,0.0024029,-0.019081,-0.0029497,0.0044012,0.0031406,0.012722,0,0,0,0,0,0,0,0,0,0,0,0,0,0,0,0,0,0,0,0,0,0
0,0,0,0,0,0,0,-0.007856,0.0029665,-0.023557,-0.0036416,0.0054335,0.0038772,0.015706,0,0,0,0,0,0,0,0,0,0,0,0,0,0,0,0,0,0,0,0,0,0
0,0,0,0,0,0,0,-0.0095057,0.0035894,-0.028503,-0.0044063,0.0065746,0.0046914,0.019004,0,0,0,0,0,0,0,0,0,0,0,0,0,0,0,0,0,0,0,0,0,0
0,0,0,0,0,0,0,-0.011313,0.0042717,-0.033921,-0.0052439,0.0078243,0.0055832,0.022617,0,0,0,0,0,0,0,0,0,0,0,0,0,0,0,0,0,0,0,0,0,0
0,0,0,0,0,0,0,-0.013277,0.0050133,-0.039811,-0.0061543,0.0091827,0.0065525,0.026543,0,0,0,0,0,0,0,0,0,0,0,0,0,0,0,0,0,0,0,0,0,0
0,0,0,0,0,0,0,-0.015398,0.0058143,-0.046171,-0.0071376,0.01065,0.0075994,0.030783,0,0,0,0,0,0,0,0,0,0,0,0,0,0,0,0,0,0,0,0,0,0
0,0,0,0,0,0,0,-0.017676,0.0066746,-0.053002,-0.0081936,0.012226,0.0087238,0.035338,0,0,0,0,0,0,0,0,0,0,0,0,0,0,0,0,0,0,0,0,0,0
0,0,0,0,0,0,0,-0.020111,0.0075942,-0.060305,-0.0093225,0.01391,0.0099257,0.040207,0,0,0,0,0,0,0,0,0,0,0,0,0,0,0,0,0,0,0,0,0,0
0,0,0,0,0,0,0,-0.022704,0.0085731,-0.068078,-0.010524,0.015703,0.011205,0.04539,0,0,0,0,0,0,0,0,0,0,0,0,0,0,0,0,0,0,0,0,0,0
0,0,0,0,0,0,0,-0.025453,0.0096114,-0.076323,-0.011799,0.017605,0.012562,0.050887,0,0,0,0,0,0,0,0,0,0,0,0,0,0,0,0,0,0,0,0,0,0
0,0,0,0,0,0,0,-0.02836,0.010709,-0.085039,-0.013146,0.019615,0.013997,0.056698,0,0,0,0,0,0,0,0,0,0,0,0,0,0,0,0,0,0,0,0,0,0
0,0,0,0,0,0,0,-0.031424,0.011866,-0.094226,-0.014566,0.021734,0.015509,0.062824,0,0,0,0,0,0,0,0,0,0,0,0,0,0,0,0,0,0,0,0,0,0
0,0,0,0,0,0,0,-0.034645,0.013082,-0.10388,-0.01606,0.023962,0.017099,0.069263,0,0,0,0,0,0,0,0,0,0,0,0,0,0,0,0,0,0,0,0,0,0
0,0,0,0,0,0,0,-0.038023,0.014358,-0.11401,-0.017625,0.026298,0.018766,0.076016,0,0,0,0,0,0,0,0,0,0,0,0,0,0,0,0,0,0,0,0,0,0
0,0,0,0,0,0,0,-0.041558,0.015693,-0.12461,-0.019264,0.028743,0.020511,0.083084,0,0,0,0,0,0,0,0,0,0,0,0,0,0,0,0,0,0,0,0,0,0
0,0,0,0,0,0,0,-0.04525,0.017087,-0.13569,-0.020976,0.031297,0.022333,0.090466,0,0,0,0,0,0,0,0,0,0,0,0,0,0,0,0,0,0,0,0,0,0
0,0,0,0,0,0,0,-0.0491,0.018541,-0.14723,-0.02276,0.03396,0.024233,0.098162,0,0,0,0,0,0,0,0,0,0,0,0,0,0,0,0,0,0,0,0,0,0
0,0,0,0,0,0,0,-0.053106,0.020053,-0.15924,-0.024617,0.036731,0.02621,0.10617,0,0,0,0,0,0,0,0,0,0,0,0,0,0,0,0,0,0,0,0,0,0
0,0,0,0,0,0,0,-0.05727,0.021626,-0.17173,-0.026547,0.03961,0.028265,0.1145,0,0,0,0,0,0,0,0,0,0,0,0,0,0,0,0,0,0,0,0,0,0
0,0,0,0,0,0,0,-0.061591,0.023257,-0.18468,-0.02855,0.042599,0.030398,0.12313,0,0,0,0,0,0,0,0,0,0,0,0,0,0,0,0,0,0,0,0,0,0
0,0,0,0,0,0,0,-0.066069,0.024948,-0.19811,-0.030626,0.045696,0.032607,0.13209,0,0,0,0,0,0,0,0,0,0,0,0,0,0,0,0,0,0,0,0,0,0
0,0,0,0,0,0,0,-0.070704,0.026698,-0.21201,-0.032774,0.048902,0.034895,0.14135,0,0,0,0,0,0,0,0,0,0,0,0,0,0,0,0,0,0,0,0,0,0
0,0,0,0,0,0,0,-0.075496,0.028508,-0.22638,-0.034996,0.052216,0.03726,0.15093,0,0,0,0,0,0,0,0,0,0,0,0,0,0,0,0,0,0,0,0,0,0
0,0,0,0,0,0,0,-0.080445,0.030377,-0.24122,-0.03729,0.055639,0.039703,0.16083,0,0,0,0,0,0,0,0,0,0,0,0,0,0,0,0,0,0,0,0,0,0
0,0,0,0,0,0,0,-0.085552,0.032305,-0.25653,-0.039657,0.059171,0.042223,0.17104,0,0,0,0,0,0,0,0,0,0,0,0,0,0,0,0,0,0,0,0,0,0
0,0,0,0,0,0,0,-0.090815,0.034292,-0.27231,-0.042097,0.062812,0.044821,0.18156,0,0,0,0,0,0,0,0,0,0,0,0,0,0,0,0,0,0,0,0,0,0
0,0,0,0,0,0,0,-0.096236,0.036339,-0.28857,-0.04461,0.066561,0.047496,0.1924,0,0,0,0,0,0,0,0,0,0,0,0,0,0,0,0,0,0,0,0,0,0
0,0,0,0,0,0,0,-0.10181,0.038446,-0.30529,-0.047195,0.070419,0.050249,0.20355,0,0,0,0,0,0,0,0,0,0,0,0,0,0,0,0,0,0,0,0,0,0
0,0,0,0,0,0,0,-0.10755,0.040611,-0.32249,-0.049854,0.074385,0.053079,0.21501,0,0,0,0,0,0,0,0,0,0,0,0,0,0,0,0,0,0,0,0,0,0
0,0,0,0,0,0,0,-0.11344,0.042836,-0.34016,-0.052585,0.07846,0.055987,0.22679,0,0,0,0,0,0,0,0,0,0,0,0,0,0,0,0,0,0,0,0,0,0
0,0,0,0,0,0,0,-0.11949,0.04512,-0.35829,-0.055389,0.082644,0.058973,0.23889,0,0,0,0,0,0,0,0,0,0,0,0,0,0,0,0,0,0,0,0,0,0
0,0,0,0,0,0,0,-0.1257,0.047464,-0.3769,-0.058266,0.086937,0.062036,0.25129,0,0,0,0,0,0,0,0,0,0,0,0,0,0,0,0,0,0,0,0,0,0
0,0,0,0,0,0,0,-0.13206,0.049867,-0.39599,-0.061216,0.091338,0.065176,0.26402,0,0,0,0,0,0,0,0,0,0,0,0,0,0,0,0,0,0,0,0,0,0
0,0,0,0,0,0,0,-0.13858,0.052329,-0.41554,-0.064238,0.095848,0.068394,0.27705,0,0,0,0,0,0,0,0,0,0,0,0,0,0,0,0,0,0,0,0,0,0
0,0,0,0,0,0,0,-0.14526,0.05485,-0.43556,-0.067334,0.10047,0.07169,0.2904,0,0,0,0,0,0,0,0,0,0,0,0,0,0,0,0,0,0,0,0,0,0
0,0,0,0,0,0,0,-0.15209,0.057431,-0.45605,-0.070502,0.10519,0.075063,0.30407,0,0,0,0,0,0,0,0,0,0,0,0,0,0,0,0,0,0,0,0,0,0
0,0,0,0,0,0,0,-0.15908,0.060071,-0.47702,-0.073743,0.11003,0.078514,0.31804,0,0,0,0,0,0,0,0,0,0,0,0,0,0,0,0,0,0,0,0,0,0
0,0,0,0,0,0,0,-0.16623,0.062771,-0.49846,-0.077057,0.11497,0.082042,0.33234,0,0,0,0,0,0,0,0,0,0,0,0,0,0,0,0,0,0,0,0,0,0
0,0,0,0,0,0,0,-0.17354,0.06553,-0.52036,-0.080443,0.12003,0.085648,0.34694,0,0,0,0,0,0,0,0,0,0,0,0,0,0,0,0,0,0,0,0,0,0
0,0,0,0,0,0,0,-0.181,0.068348,-0.54274,-0.083903,0.12519,0.089331,0.36186,0,0,0,0,0,0,0,0,0,0,0,0,0,0,0,0,0,0,0,0,0,0
0,0,0,0,0,0,0,-0.18862,0.071225,-0.56559,-0.087435,0.13046,0.093092,0.3771,0,0,0,0,0,0,0,0,0,0,0,0,0,0,0,0,0,0,0,0,0,0
0,0,0,0,0,0,0,-0.1964,0.074162,-0.58891,-0.09104,0.13584,0.096931,0.39265,0,0,0,0,0,0,0,0,0,0,0,0,0,0,0,0,0,0,0,0,0,0
0,0,0,0,0,0,0,-0.20433,0.077158,-0.61271,-0.094718,0.14133,0.10085,0.40851,0,0,0,0,0,0,0,0,0,0,0,0,0,0,0,0,0,0,0,0,0,0
0,0,0,0,0,0,0,-0.21243,0.080214,-0.63697,-0.098469,0.14692,0.10484,0.42469,0,0,0,0,0,0,0,0,0,0,0,0,0,0,0,0,0,0,0,0,0,0
0,0,0,0,0,0,0,-0.22067,0.083328,-0.6617,-0.10229,0.15263,0.10891,0.44118,0,0,0,0,0,0,0,0,0,0,0,0,0,0,0,0,0,0,0,0,0,0
0,0,0,0,0,0,0,-0.22908,0.086502,-0.68691,-0.10619,0.15844,0.11306,0.45798,0,0,0,0,0,0,0,0,0,0,0,0,0,0,0,0,0,0,0,0,0,0
0,0,0,0,0,0,0,-0.23764,0.089736,-0.71259,-0.11016,0.16436,0.11729,0.4751,0,0,0,0,0,0,0,0,0,0,0,0,0,0,0,0,0,0,0,0,0,0
0,0,0,0,0,0,0,-0.24636,0.093029,-0.73873,-0.1142,0.1704,0.12159,0.49254,0,0,0,0,0,0,0,0,0,0,0,0,0,0,0,0,0,0,0,0,0,0
0,0,0,0,0,0,0,-0.25524,0.096381,-0.76535,-0.11832,0.17654,0.12597,0.51028,0,0,0,0,0,0,0,0,0,0,0,0,0,0,0,0,0,0,0,0,0,0
0,0,0,0,0,0,0,-0.26427,0.099792,-0.79244,-0.1225,0.18278,0.13043,0.52834,0,0,0,0,0,0,0,0,0,0,0,0,0,0,0,0,0,0,0,0,0,0
0,0,0,0,0,0,0,-0.27347,0.10326,-0.82,-0.12676,0.18914,0.13497,0.54672,0,0,0,0,0,0,0,0,0,0,0,0,0,0,0,0,0,0,0,0,0,0
0,0,0,0,0,0,0,-0.28281,0.10679,-0.84804,-0.1311,0.19561,0.13958,0.56541,0,0,0,0,0,0,0,0,0,0,0,0,0,0,0,0,0,0,0,0,0,0
0,0,0,0,0,0,0,-0.29232,0.11038,-0.87654,-0.1355,0.20218,0.14427,0.58442,0,0,0,0,0,0,0,0,0,0,0,0,0,0,0,0,0,0,0,0,0,0
0,0,0,0,0,0,0,-0.30198,0.11403,-0.90551,-0.13998,0.20886,0.14904,0.60373,0,0,0,0,0,0,0,0,0,0,0,0,0,0,0,0,0,0,0,0,0,0
0,0,0,0,0,0,0,-0.3118,0.11774,-0.93496,-0.14454,0.21566,0.15389,0.62337,0,0,0,0,0,0,0,0,0,0,0,0,0,0,0,0,0,0,0,0,0,0
0,0,0,0,0,0,0,-0.32178,0.12151,-0.96488,-0.14916,0.22256,0.15881,0.64331,0,0,0,0,0,0,0,0,0,0,0,0,0,0,0,0,0,0,0,0,0,0
0,0,0,0,0,0,0,-0.33192,0.12533,-0.99526,-0.15386,0.22957,0.16381,0.66357,0,0,0,0,0,0,0,0,0,0,0,0,0,0,0,0,0,0,0,0,0,0
0,0,0,0,0,0,0,-0.34221,0.12922,-1.0261,-0.15863,0.23669,0.16889,0.68415,0,0,0,0,0,0,0,0,0,0,0,0,0,0,0,0,0,0,0,0,0,0
0,0,0,0,0,0,0,-0.35265,0.13317,-1.0575,-0.16347,0.24391,0.17405,0.70504,0,0,0,0,0,0,0,0,0,0,0,0,0,0,0,0,0,0,0,0,0,0
0,0,0,0,0,0,0,-0.36326,0.13717,-1.0893,-0.16839,0.25125,0.17928,0.72624,0,0,0,0,0,0,0,0,0,0,0,0,0,0,0,0,0,0,0,0,0,0
0,0,0,0,0,0,0,-0.37402,0.14123,-1.1215,-0.17338,0.25869,0.1846,0.74776,0,0,0,0,0,0,0,0,0,0,0,0,0,0,0,0,0,0,0,0,0,0
0,0,0,0,0,0,0,-0.38494,0.14536,-1.1543,-0.17844,0.26624,0.18998,0.76959,0,0,0,0,0,0,0,0,0,0,0,0,0,0,0,0,0,0,0,0,0,0
0,0,0,0,0,0,0,-0.39602,0.14954,-1.1875,-0.18357,0.2739,0.19545,0.79173,0,0,0,0,0,0,0,0,0,0,0,0,0,0,0,0,0,0,0,0,0,0
0,0,0,0,0,0,0,-0.40725,0.15378,-1.2212,-0.18878,0.28167,0.201,0.81419,0,0,0,0,0,0,0,0,0,0,0,0,0,0,0,0,0,0,0,0,0,0
0,0,0,0,0,0,0,-0.41864,0.15808,-1.2553,-0.19406,0.28955,0.20662,0.83697,0,0,0,0,0,0,0,0,0,0,0,0,0,0,0,0,0,0,0,0,0,0
0,0,0,0,0,0,0,-0.43019,0.16244,-1.29,-0.19942,0.29754,0.21232,0.86005,0,0,0,0,0,0,0,0,0,0,0,0,0,0,0,0,0,0,0,0,0,0
0,0,0,0,0,0,0,-0.4419,0.16686,-1.3251,-0.20484,0.30564,0.21809,0.88345,0,0,0,0,0,0,0,0,0,0,0,0,0,0,0,0,0,0,0,0,0,0
0,0,0,0,0,0,0,-0.45376,0.17134,-1.3606,-0.21034,0.31384,0.22395,0.90717,0,0,0,0,0,0,0,0,0,0,0,0,0,0,0,0,0,0,0,0,0,0
0,0,0,0,0,0,0,-0.46578,0.17588,-1.3967,-0.21591,0.32215,0.22988,0.9312,0,0,0,0,0,0,0,0,0,0,0,0,0,0,0,0,0,0,0,0,0,0
0,0,0,0,0,0,0,-0.47796,0.18048,-1.4332,-0.22156,0.33058,0.23589,0.95554,0,0,0,0,0,0,0,0,0,0,0,0,0,0,0,0,0,0,0,0,0,0
0,0,0,0,0,0,0,-0.49029,0.18514,-1.4702,-0.22727,0.33911,0.24198,0.9802,0,0,0,0,0,0,0,0,0,0,0,0,0,0,0,0,0,0,0,0,0,0
0,0,0,0,0,0,0,-0.50278,0.18985,-1.5076,-0.23306,0.34775,0.24814,1.0052,0,0,0,0,0,0,0,0,0,0,0,0,0,0,0,0,0,0,0,0,0,0
0,0,0,0,0,0,0,-0.51543,0.19463,-1.5455,-0.23893,0.35649,0.25438,1.0305,0,0,0,0,0,0,0,0,0,0,0,0,0,0,0,0,0,0,0,0,0,0
0,0,0,0,0,0,0,-0.52824,0.19947,-1.5839,-0.24486,0.36535,0.26071,1.0561,0,0,0,0,0,0,0,0,0,0,0,0,0,0,0,0,0,0,0,0,0,0
0,0,0,0,0,0,0,-0.5412,0.20436,-1.6228,-0.25087,0.37432,0.2671,1.082,0,0,0,0,0,0,0,0,0,0,0,0,0,0,0,0,0,0,0,0,0,0
0,0,0,0,0,0,0,-0.55432,0.20932,-1.6622,-0.25695,0.38339,0.27358,1.1082,0,0,0,0,0,0,0,0,0,0,0,0,0,0,0,0,0,0,0,0,0,0
0,0,0,0,0,0,0,-0.56759,0.21433,-1.702,-0.26311,0.39257,0.28013,1.1347,0,0,0,0,0,0,0,0,0,0,0,0,0,0,0,0,0,0,0,0,0,0
0,0,0,0,0,0,0,-0.58103,0.2194,-1.7422,-0.26933,0.40186,0.28676,1.1616,0,0,0,0,0,0,0,0,0,0,0,0,0,0,0,0,0,0,0,0,0,0
0,0,0,0,0,0,0,-0.59462,0.22453,-1.783,-0.27563,0.41126,0.29347,1.1888,0,0,0,0,0,0,0,0,0,0,0,0,0,0,0,0,0,0,0,0,0,0
0,0,0,0,0,0,0,-0.60837,0.22972,-1.8242,-0.28201,0.42077,0.30025,1.2163,0,0,0,0,0,0,0,0,0,0,0,0,0,0,0,0,0,0,0,0,0,0
0,0,0,0,0,0,0,-0.62227,0.23497,-1.8659,-0.28845,0.43039,0.30712,1.2441,0,0,0,0,0,0,0,0,0,0,0,0,0,0,0,0,0,0,0,0,0,0
0,0,0,0,0,0,0,-0.63633,0.24028,-1.9081,-0.29497,0.44012,0.31406,1.2722,0,0,0,0,0,0,0,0,0,0,0,0,0,0,0,0,0,0,0,0,0,0
0,0,0,0,0,0,0,-0.65055,0.24565,-1.9507,-0.30156,0.44995,0.32107,1.3006,0,0,0,0,0,0,0,0,0,0,0,0,0,0,0,0,0,0,0,0,0,0
0,0,0,0,0,0,0,-0.66493,0.25108,-1.9938,-0.30823,0.45989,0.32817,1.3293,0,0,0,0,0,0,0,0,0,0,0,0,0,0,0,0,0,0,0,0,0,0
0,0,0,0,0,0,0,-0.67946,0.25657,-2.0374,-0.31496,0.46995,0.33534,1.3584,0,0,0,0,0,0,0,0,0,0,0,0,0,0,0,0,0,0,0,0,0,0
0,0,0,0,0,0,0,-0.69415,0.26212,-2.0815,-0.32177,0.48011,0.34259,1.3878,0,0,0,0,0,0,0,0,0,0,0,0,0,0,0,0,0,0,0,0,0,0
0,0,0,0,0,0,0,-0.709,0.26772,-2.126,-0.32866,0.49038,0.34992,1.4175,0,0,0,0,0,0,0,0,0,0,0,0,0,0,0,0,0,0,0,0,0,0
0,0,0,0,0,0,0,-0.72401,0.27339,-2.171,-0.33561,0.50075,0.35733,1.4474,0,0,0,0,0,0,0,0,0,0,0,0,0,0,0,0,0,0,0,0,0,0
0,0,0,0,0,0,0,-0.73917,0.27912,-2.2164,-0.34264,0.51124,0.36481,1.4778,0,0,0,0,0,0,0,0,0,0,0,0,0,0,0,0,0,0,0,0,0,0
0,0,0,0,0,0,0,-0.75449,0.2849,-2.2624,-0.34974,0.52184,0.37237,1.5084,0,0,0,0,0,0,0,0,0,0,0,0,0,0,0,0,0,0,0,0,0,0
0,0,0,0,0,0,0,-0.76996,0.29074,-2.3088,-0.35691,0.53254,0.38001,1.5393,0,0,0,0,0,0,0,0,0,0,0,0,0,0,0,0,0,0,0,0,0,0
0,0,0,0,0,0,0,-0.7856,0.29665,-2.3557,-0.36416,0.54335,0.38772,1.5706,0,0,0,0,0,0,0,0,0,0,0,0,0,0,0,0,0,0,0,0,0,0
0,0,0,0,0,0,0,-0.80123,0.30255,-2.4025,-0.37141,0.55417,0.39544,1.6018,0,0,0,0,0,0,0,0,0,0,0,0,0,0,0,0,0,0,0,0,0,0
0,0,0,0,0,0,0,-0.81671,0.30839,-2.4489,-0.37858,0.56487,0.40308,1.6328,0,0,0,0,0,0,0,0,0,0,0,0,0,0,0,0,0,0,0,0,0,0
0,0,0,0,0,0,0,-0.83203,0.31418,-2.4949,-0.38568,0.57547,0.41064,1.6634,0,0,0,0,0,0,0,0,0,0,0,0,0,0,0,0,0,0,0,0,0,0
0,0,0,0,0,0,0,-0.84719,0.3199,-2.5403,-0.39271,0.58595,0.41812,1.6937,0,0,0,0,0,0,0,0,0,0,0,0,0,0,0,0,0,0,0,0,0,0
0,0,0,0,0,0,0,-0.86219,0.32557,-2.5853,-0.39967,0.59633,0.42553,1.7237,0,0,0,0,0,0,0,0,0,0,0,0,0,0,0,0,0,0,0,0,0,0
0,0,0,0,0,0,0,-0.87704,0.33118,-2.6298,-0.40655,0.6066,0.43285,1.7534,0,0,0,0,0,0,0,0,0,0,0,0,0,0,0,0,0,0,0,0,0,0
0,0,0,0,0,0,0,-0.89173,0.33672,-2.6739,-0.41336,0.61676,0.44011,1.7828,0,0,0,0,0,0,0,0,0,0,0,0,0,0,0,0,0,0,0,0,0,0
0,0,0,0,0,0,0,-0.90626,0.34221,-2.7175,-0.4201,0.62681,0.44728,1.8118,0,0,0,0,0,0,0,0,0,0,0,0,0,0,0,0,0,0,0,0,0,0
0,0,0,0,0,0,0,-0.92064,0.34764,-2.7606,-0.42676,0.63676,0.45437,1.8406,0,0,0,0,0,0,0,0,0,0,0,0,0,0,0,0,0,0,0,0,0,0
0,0,0,0,0,0,0,-0.93486,0.35301,-2.8032,-0.43335,0.64659,0.46139,1.869,0,0,0,0,0,0,0,0,0,0,0,0,0,0,0,0,0,0,0,0,0,0
0,0,0,0,0,0,0,-0.94892,0.35832,-2.8454,-0.43987,0.65632,0.46833,1.8971,0,0,0,0,0,0,0,0,0,0,0,0,0,0,0,0,0,0,0,0,0,0
0,0,0,0,0,0,0,-0.96283,0.36357,-2.8871,-0.44632,0.66593,0.47519,1.9249,0,0,0,0,0,0,0,0,0,0,0,0,0,0,0,0,0,0,0,0,0,0
0,0,0,0,0,0,0,-0.97658,0.36876,-2.9283,-0.45269,0.67544,0.48198,1.9524,0,0,0,0,0,0,0,0,0,0,0,0,0,0,0,0,0,0,0,0,0,0
0,0,0,0,0,0,0,-0.99017,0.37389,-2.9691,-0.45899,0.68484,0.48869,1.9796,0,0,0,0,0,0,0,0,0,0,0,0,0,0,0,0,0,0,0,0,0,0
0,0,0,0,0,0,0,-1.0036,0.37897,-3.0093,-0.46522,0.69413,0.49532,2.0064,0,0,0,0,0,0,0,0,0,0,0,0,0,0,0,0,0,0,0,0,0,0
0,0,0,0,0,0,0,-1.0169,0.38398,-3.0492,-0.47137,0.70332,0.50187,2.033,0,0,0,0,0,0,0,0,0,0,0,0,0,0,0,0,0,0,0,0,0,0
0,0,0,0,0,0,0,-1.03,0.38893,-3.0885,-0.47745,0.71239,0.50834,2.0592,0,0,0,0,0,0,0,0,0,0,0,0,0,0,0,0,0,0,0,0,0,0
0,0,0,0,0,0,0,-1.043,0.39383,-3.1274,-0.48346,0.72136,0.51474,2.0851,0,0,0,0,0,0,0,0,0,0,0,0,0,0,0,0,0,0,0,0,0,0
0,0,0,0,0,0,0,-1.0558,0.39866,-3.1658,-0.4894,0.73021,0.52106,2.1107,0,0,0,0,0,0,0,0,0,0,0,0,0,0,0,0,0,0,0,0,0,0
0,0,0,0,0,0,0,-1.0684,0.40344,-3.2037,-0.49526,0.73896,0.5273,2.136,0,0,0,0,0,0,0,0,0,0,0,0,0,0,0,0,0,0,0,0,0,0
0,0,0,0,0,0,0,-1.0809,0.40816,-3.2412,-0.50105,0.7476,0.53347,2.161,0,0,0,0,0,0,0,0,0,0,0,0,0,0,0,0,0,0,0,0,0,0
0,0,0,0,0,0,0,-1.0932,0.41281,-3.2781,-0.50677,0.75613,0.53956,2.1856,0,0,0,0,0,0,0,0,0,0,0,0,0,0,0,0,0,0,0,0,0,0
0,0,0,0,0,0,0,-1.1054,0.41741,-3.3146,-0.51241,0.76455,0.54556,2.21,0,0,0,0,0,0,0,0,0,0,0,0,0,0,0,0,0,0,0,0,0,0
0,0,0,0,0,0,0,-1.1174,0.42195,-3.3507,-0.51798,0.77287,0.5515,2.234,0,0,0,0,0,0,0,0,0,0,0,0,0,0,0,0,0,0,0,0,0,0
0,0,0,0,0,0,0,-1.1293,0.42643,-3.3862,-0.52348,0.78107,0.55735,2.2577,0,0,0,0,0,0,0,0,0,0,0,0,0,0,0,0,0,0,0,0,0,0
0,0,0,0,0,0,0,-1.141,0.43085,-3.4213,-0.52891,0.78917,0.56313,2.2811,0,0,0,0,0,0,0,0,0,0,0,0,0,0,0,0,0,0,0,0,0,0
0,0,0,0,0,0,0,-1.1525,0.43521,-3.456,-0.53426,0.79715,0.56883,2.3042,0,0,0,0,0,0,0,0,0,0,0,0,0,0,0,0,0,0,0,0,0,0
0,0,0,0,0,0,0,-1.1639,0.43951,-3.4901,-0.53954,0.80503,0.57445,2.327,0,0,0,0,0,0,0,0,0,0,0,0,0,0,0,0,0,0,0,0,0,0
0,0,0,0,0,0,0,-1.1752,0.44376,-3.5238,-0.54475,0.8128,0.58,2.3494,0,0,0,0,0,0,0,0,0,0,0,0,0,0,0,0,0,0,0,0,0,0
0,0,0,0,0,0,0,-1.1863,0.44794,-3.557,-0.54988,0.82046,0.58546,2.3716,0,0,0,0,0,0,0,0,0,0,0,0,0,0,0,0,0,0,0,0,0,0
0,0,0,0,0,0,0,-1.1972,0.45206,-3.5898,-0.55495,0.82802,0.59085,2.3934,0,0,0,0,0,0,0,0,0,0,0,0,0,0,0,0,0,0,0,0,0,0
0,0,0,0,0,0,0,-1.2079,0.45613,-3.6221,-0.55993,0.83546,0.59616,2.4149,0,0,0,0,0,0,0,0,0,0,0,0,0,0,0,0,0,0,0,0,0,0
0,0,0,0,0,0,0,-1.2185,0.46013,-3.6539,-0.56485,0.8428,0.6014,2.4361,0,0,0,0,0,0,0,0,0,0,0,0,0,0,0,0,0,0,0,0,0,0
0,0,0,0,0,0,0,-1.229,0.46408,-3.6852,-0.56969,0.85002,0.60655,2.457,0,0,0,0,0,0,0,0,0,0,0,0,0,0,0,0,0,0,0,0,0,0
0,0,0,0,0,0,0,-1.2393,0.46796,-3.7161,-0.57447,0.85714,0.61163,2.4776,0,0,0,0,0,0,0,0,0,0,0,0,0,0,0,0,0,0,0,0,0,0
0,0,0,0,0,0,0,-1.2494,0.47179,-3.7464,-0.57916,0.86415,0.61664,2.4979,0,0,0,0,0,0,0,0,0,0,0,0,0,0,0,0,0,0,0,0,0,0
0,0,0,0,0,0,0,-1.2594,0.47556,-3.7763,-0.58379,0.87105,0.62156,2.5178,0,0,0,0,0,0,0,0,0,0,0,0,0,0,0,0,0,0,0,0,0,0
0,0,0,0,0,0,0,-1.2692,0.47926,-3.8058,-0.58834,0.87784,0.62641,2.5374,0,0,0,0,0,0,0,0,0,0,0,0,0,0,0,0,0,0,0,0,0,0
0,0,0,0,0,0,0,-1.2789,0.48291,-3.8348,-0.59282,0.88453,0.63118,2.5568,0,0,0,0,0,0,0,0,0,0,0,0,0,0,0,0,0,0,0,0,0,0
0,0,0,0,0,0,0,-1.2884,0.4865,-3.8633,-0.59723,0.8911,0.63587,2.5758,0,0,0,0,0,0,0,0,0,0,0,0,0,0,0,0,0,0,0,0,0,0
0,0,0,0,0,0,0,-1.2977,0.49003,-3.8913,-0.60156,0.89757,0.64048,2.5945,0,0,0,0,0,0,0,0,0,0,0,0,0,0,0,0,0,0,0,0,0,0
0,0,0,0,0,0,0,-1.3069,0.4935,-3.9189,-0.60582,0.90392,0.64502,2.6128,0,0,0,0,0,0,0,0,0,0,0,0,0,0,0,0,0,0,0,0,0,0
0,0,0,0,0,0,0,-1.3159,0.49691,-3.946,-0.61001,0.91017,0.64948,2.6309,0,0,0,0,0,0,0,0,0,0,0,0,0,0,0,0,0,0,0,0,0,0
0,0,0,0,0,0,0,-1.3248,0.50027,-3.9726,-0.61412,0.91631,0.65386,2.6486,0,0,0,0,0,0,0,0,0,0,0,0,0,0,0,0,0,0,0,0,0,0
0,0,0,0,0,0,0,-1.3336,0.50356,-3.9987,-0.61816,0.92234,0.65816,2.6661,0,0,0,0,0,0,0,0,0,0,0,0,0,0,0,0,0,0,0,0,0,0
0,0,0,0,0,0,0,-1.3421,0.50679,-4.0244,-0.62213,0.92827,0.66239,2.6832,0,0,0,0,0,0,0,0,0,0,0,0,0,0,0,0,0,0,0,0,0,0
0,0,0,0,0,0,0,-1.3505,0.50997,-4.0496,-0.62603,0.93408,0.66653,2.7,0,0,0,0,0,0,0,0,0,0,0,0,0,0,0,0,0,0,0,0,0,0
0,0,0,0,0,0,0,-1.3588,0.51308,-4.0743,-0.62985,0.93978,0.67061,2.7165,0,0,0,0,0,0,0,0,0,0,0,0,0,0,0,0,0,0,0,0,0,0
0,0,0,0,0,0,0,-1.3669,0.51614,-4.0986,-0.6336,0.94538,0.6746,2.7327,0,0,0,0,0,0,0,0,0,0,0,0,0,0,0,0,0,0,0,0,0,0
0,0,0,0,0,0,0,-1.3748,0.51913,-4.1224,-0.63728,0.95087,0.67852,2.7485,0,0,0,0,0,0,0,0,0,0,0,0,0,0,0,0,0,0,0,0,0,0
0,0,0,0,0,0,0,-1.3826,0.52207,-4.1457,-0.64089,0.95625,0.68235,2.7641,0,0,0,0,0,0,0,0,0,0,0,0,0,0,0,0,0,0,0,0,0,0
0,0,0,0,0,0,0,-1.3902,0.52495,-4.1686,-0.64442,0.96152,0.68612,2.7793,0,0,0,0,0,0,0,0,0,0,0,0,0,0,0,0,0,0,0,0,0,0
0,0,0,0,0,0,0,-1.3977,0.52777,-4.1909,-0.64788,0.96668,0.6898,2.7942,0,0,0,0,0,0,0,0,0,0,0,0,0,0,0,0,0,0,0,0,0,0
0,0,0,0,0,0,0,-1.405,0.53053,-4.2129,-0.65127,0.97173,0.6934,2.8088,0,0,0,0,0,0,0,0,0,0,0,0,0,0,0,0,0,0,0,0,0,0
0,0,0,0,0,0,0,-1.4121,0.53322,-4.2343,-0.65458,0.97668,0.69693,2.8231,0,0,0,0,0,0,0,0,0,0,0,0,0,0,0,0,0,0,0,0,0,0
0,0,0,0,0,0,0,-1.4191,0.53587,-4.2553,-0.65782,0.98151,0.70038,2.8371,0,0,0,0,0,0,0,0,0,0,0,0,0,0,0,0,0,0,0,0,0,0
0,0,0,0,0,0,0,-1.4259,0.53844,-4.2758,-0.66099,0.98624,0.70376,2.8508,0,0,0,0,0,0,0,0,0,0,0,0,0,0,0,0,0,0,0,0,0,0
0,0,0,0,0,0,0,-1.4326,0.54097,-4.2958,-0.66409,0.99086,0.70705,2.8641,0,0,0,0,0,0,0,0,0,0,0,0,0,0,0,0,0,0,0,0,0,0
0,0,0,0,0,0,0,-1.4391,0.54343,-4.3153,-0.66711,0.99537,0.71027,2.8772,0,0,0,0,0,0,0,0,0,0,0,0,0,0,0,0,0,0,0,0,0,0
0,0,0,0,0,0,0,-1.4455,0.54583,-4.3344,-0.67006,0.99977,0.71341,2.8899,0,0,0,0,0,0,0,0,0,0,0,0,0,0,0,0,0,0,0,0,0,0
0,0,0,0,0,0,0,-1.4517,0.54817,-4.353,-0.67293,1.0041,0.71647,2.9023,0,0,0,0,0,0,0,0,0,0,0,0,0,0,0,0,0,0,0,0,0,0
0,0,0,0,0,0,0,-1.4578,0.55046,-4.3712,-0.67574,1.0083,0.71946,2.9144,0,0,0,0,0,0,0,0,0,0,0,0,0,0,0,0,0,0,0,0,0,0
0,0,0,0,0,0,0,-1.4636,0.55268,-4.3888,-0.67847,1.0123,0.72237,2.9262,0,0,0,0,0,0,0,0,0,0,0,0,0,0,0,0,0,0,0,0,0,0
0,0,0,0,0,0,0,-1.4694,0.55485,-4.406,-0.68113,1.0163,0.7252,2.9376,0,0,0,0,0,0,0,0,0,0,0,0,0,0,0,0,0,0,0,0,0,0
0,0,0,0,0,0,0,-1.475,0.55696,-4.4227,-0.68371,1.0201,0.72795,2.9488,0,0,0,0,0,0,0,0,0,0,0,0,0,0,0,0,0,0,0,0,0,0
0,0,0,0,0,0,0,-1.4804,0.559,-4.439,-0.68623,1.0239,0.73063,2.9596,0,0,0,0,0,0,0,0,0,0,0,0,0,0,0,0,0,0,0,0,0,0
0,0,0,0,0,0,0,-1.4856,0.56099,-4.4548,-0.68867,1.0275,0.73322,2.9701,0,0,0,0,0,0,0,0,0,0,0,0,0,0,0,0,0,0,0,0,0,0
0,0,0,0,0,0,0,-1.4908,0.56292,-4.4701,-0.69103,1.0311,0.73574,2.9804,0,0,0,0,0,0,0,0,0,0,0,0,0,0,0,0,0,0,0,0,0,0
0,0,0,0,0,0,0,-1.4957,0.56479,-4.4849,-0.69333,1.0345,0.73819,2.9902,0,0,0,0,0,0,0,0,0,0,0,0,0,0,0,0,0,0,0,0,0,0
0,0,0,0,0,0,0,-1.5005,0.5666,-4.4993,-0.69555,1.0378,0.74055,2.9998,0,0,0,0,0,0,0,0,0,0,0,0,0,0,0,0,0,0,0,0,0,0
0,0,0,0,0,0,0,-1.5051,0.56835,-4.5132,-0.6977,1.041,0.74284,3.0091,0,0,0,0,0,0,0,0,0,0,0,0,0,0,0,0,0,0,0,0,0,0
0,0,0,0,0,0,0,-1.5096,0.57004,-4.5266,-0.69977,1.0441,0.74505,3.018,0,0,0,0,0,0,0,0,0,0,0,0,0,0,0,0,0,0,0,0,0,0
0,0,0,0,0,0,0,-1.5139,0.57167,-4.5396,-0.70178,1.0471,0.74718,3.0267,0,0,0,0,0,0,0,0,0,0,0,0,0,0,0,0,0,0,0,0,0,0
0,0,0,0,0,0,0,-1.5181,0.57324,-4.5521,-0.70371,1.05,0.74924,3.035,0,0,0,0,0,0,0,0,0,0,0,0,0,0,0,0,0,0,0,0,0,0
0,0,0,0,0,0,0,-1.5221,0.57476,-4.5641,-0.70556,1.0528,0.75121,3.043,0,0,0,0,0,0,0,0,0,0,0,0,0,0,0,0,0,0,0,0,0,0
0,0,0,0,0,0,0,-1.5259,0.57621,-4.5756,-0.70735,1.0554,0.75311,3.0507,0,0,0,0,0,0,0,0,0,0,0,0,0,0,0,0,0,0,0,0,0,0
0,0,0,0,0,0,0,-1.5296,0.5776,-4.5867,-0.70906,1.058,0.75494,3.0581,0,0,0,0,0,0,0,0,0,0,0,0,0,0,0,0,0,0,0,0,0,0
0,0,0,0,0,0,0,-1.5332,0.57894,-4.5973,-0.7107,1.0604,0.75668,3.0652,0,0,0,0,0,0,0,0,0,0,0,0,0,0,0,0,0,0,0,0,0,0
0,0,0,0,0,0,0,-1.5366,0.58021,-4.6074,-0.71226,1.0628,0.75835,3.0719,0,0,0,0,0,0,0,0,0,0,0,0,0,0,0,0,0,0,0,0,0,0
0,0,0,0,0,0,0,-1.5398,0.58143,-4.6171,-0.71376,1.065,0.75994,3.0783,0,0,0,0,0,0,0,0,0,0,0,0,0,0,0,0,0,0,0,0,0,0
0,0,0,0,0,0,0,-1.5428,0.58259,-4.6263,-0.71518,1.0671,0.76145,3.0845,0,0,0,0,0,0,0,0,0,0,0,0,0,0,0,0,0,0,0,0,0,0
0,0,0,0,0,0,0,-1.5457,0.58368,-4.635,-0.71652,1.0691,0.76288,3.0903,0,0,0,0,0,0,0,0,0,0,0,0,0,0,0,0,0,0,0,0,0,0
0,0,0,0,0,0,0,-1.5485,0.58472,-4.6432,-0.7178,1.071,0.76424,3.0958,0,0,0,0,0,0,0,0,0,0,0,0,0,0,0,0,0,0,0,0,0,0
0,0,0,0,0,0,0,-1.5511,0.5857,-4.651,-0.719,1.0728,0.76552,3.101,0,0,0,0,0,0,0,0,0,0,0,0,0,0,0,0,0,0,0,0,0,0
0,0,0,0,0,0,0,-1.5535,0.58662,-4.6583,-0.72013,1.0745,0.76672,3.1058,0,0,0,0,0,0,0,0,0,0,0,0,0,0,0,0,0,0,0,0,0,0
0,0,0,0,0,0,0,-1.5558,0.58748,-4.6651,-0.72119,1.0761,0.76785,3.1104,0,0,0,0,0,0,0,0,0,0,0,0,0,0,0,0,0,0,0,0,0,0
0,0,0,0,0,0,0,-1.5579,0.58828,-4.6715,-0.72217,1.0775,0.76889,3.1146,0,0,0,0,0,0,0,0,0,0,0,0,0,0,0,0,0,0,0,0,0,0
0,0,0,0,0,0,0,-1.5599,0.58902,-4.6774,-0.72308,1.0789,0.76986,3.1186,0,0,0,0,0,0,0,0,0,0,0,0,0,0,0,0,0,0,0,0,0,0
0,0,0,0,0,0,0,-1.5617,0.58971,-4.6828,-0.72392,1.0801,0.77075,3.1222,0,0,0,0,0,0,0,0,0,0,0,0,0,0,0,0,0,0,0,0,0,0
0,0,0,0,0,0,0,-1.5633,0.59033,-4.6878,-0.72468,1.0813,0.77157,3.1255,0,0,0,0,0,0,0,0,0,0,0,0,0,0,0,0,0,0,0,0,0,0
0,0,0,0,0,0,0,-1.5648,0.59089,-4.6922,-0.72537,1.0823,0.77231,3.1284,0,0,0,0,0,0,0,0,0,0,0,0,0,0,0,0,0,0,0,0,0,0
0,0,0,0,0,0,0,-1.5662,0.5914,-4.6962,-0.72599,1.0832,0.77297,3.1311,0,0,0,0,0,0,0,0,0,0,0,0,0,0,0,0,0,0,0,0,0,0
0,0,0,0,0,0,0,-1.5674,0.59184,-4.6998,-0.72654,1.084,0.77355,3.1335,0,0,0,0,0,0,0,0,0,0,0,0,0,0,0,0,0,0,0,0,0,0
0,0,0,0,0,0,0,-1.5684,0.59223,-4.7028,-0.72701,1.0848,0.77405,3.1355,0,0,0,0,0,0,0,0,0,0,0,0,0,0,0,0,0,0,0,0,0,0
0,0,0,0,0,0,0,-1.5692,0.59255,-4.7054,-0.72741,1.0854,0.77448,3.1372,0,0,0,0,0,0,0,0,0,0,0,0,0,0,0,0,0,0,0,0,0,0
0,0,0,0,0,0,0,-1.5699,0.59282,-4.7075,-0.72774,1.0858,0.77483,3.1387,0,0,0,0,0,0,0,0,0,0,0,0,0,0,0,0,0,0,0,0,0,0
0,0,0,0,0,0,0,-1.5705,0.59303,-4.7092,-0.72799,1.0862,0.7751,3.1398,0,0,0,0,0,0,0,0,0,0,0,0,0,0,0,0,0,0,0,0,0,0
0,0,0,0,0,0,0,-1.5709,0.59318,-4.7104,-0.72818,1.0865,0.77529,3.1406,0,0,0,0,0,0,0,0,0,0,0,0,0,0,0,0,0,0,0,0,0,0
0,0,0,0,0,0,0,-1.5711,0.59327,-4.7111,-0.72829,1.0866,0.77541,3.141,0,0,0,0,0,0,0,0,0,0,0,0,0,0,0,0,0,0,0,0,0,0
0,0,0,0,0,0,0,-1.5712,0.5933,-4.7113,-0.72832,1.0867,0.77545,3.1412,0,0,0,0,0,0,0,0,0,0,0,0,0,0,0,0,0,0,0,0,0,0
0,0,0,0,0,0,0,-1.5687,0.59329,-4.7113,-0.72831,1.0867,0.77545,3.1387,0,0,0,0,0,0,0,0,0,0,0,0,0,0,0,0,0,0,0,0,0,0
0,0,0,0,0,0,0,-1.5662,0.59327,-4.7113,-0.72827,1.0867,0.7754,3.1362,0,0,0,0,0,0,0,0,0,0,0,0,0,0,0,0,0,0,0,0,0,0
0,0,0,0,0,0,0,-1.5637,0.59324,-4.7113,-0.72821,1.0868,0.7754,3.1337,0,0,0,0,0,0,0,0,0,0,0,0,0,0,0,0,0,0,0,0,0,0
0,0,0,0,0,0,0,-1.5612,0.5932,-4.7113,-0.72813,1.0868,0.7754,3.1312,0,0,0,0,0,0,0,0,0,0,0,0,0,0,0,0,0,0,0,0,0,0
0,0,0,0,0,0,0,-1.5587,0.59315,-4.7113,-0.72802,1.0869,0.77536,3.1287,0,0,0,0,0,0,0,0,0,0,0,0,0,0,0,0,0,0,0,0,0,0
0,0,0,0,0,0,0,-1.5562,0.59308,-4.7113,-0.72788,1.0869,0.77532,3.1262,0,0,0,0,0,0,0,0,0,0,0,0,0,0,0,0,0,0,0,0,0,0
0,0,0,0,0,0,0,-1.5537,0.593,-4.7113,-0.72772,1.087,0.77529,3.1237,0,0,0,0,0,0,0,0,0,0,0,0,0,0,0,0,0,0,0,0,0,0
0,0,0,0,0,0,0,-1.5512,0.59291,-4.7113,-0.72754,1.0871,0.77523,3.1212,0,0,0,0,0,0,0,0,0,0,0,0,0,0,0,0,0,0,0,0,0,0
0,0,0,0,0,0,0,-1.5487,0.59281,-4.7113,-0.72733,1.0872,0.77519,3.1187,0,0,0,0,0,0,0,0,0,0,0,0,0,0,0,0,0,0,0,0,0,0
0,0,0,0,0,0,0,-1.5462,0.5927,-4.7113,-0.7271,1.0873,0.77515,3.1162,0,0,0,0,0,0,0,0,0,0,0,0,0,0,0,0,0,0,0,0,0,0
0,0,0,0,0,0,0,-1.5437,0.59258,-4.7113,-0.72684,1.0875,0.77505,3.1137,0,0,0,0,0,0,0,0,0,0,0,0,0,0,0,0,0,0,0,0,0,0
0,0,0,0,0,0,0,-1.5412,0.59244,-4.7113,-0.72656,1.0876,0.775,3.1112,0,0,0,0,0,0,0,0,0,0,0,0,0,0,0,0,0,0,0,0,0,0
0,0,0,0,0,0,0,-1.5387,0.59229,-4.7113,-0.72625,1.0878,0.77495,3.1087,0,0,0,0,0,0,0,0,0,0,0,0,0,0,0,0,0,0,0,0,0,0
0,0,0,0,0,0,0,-1.5362,0.59213,-4.7113,-0.72592,1.0879,0.77484,3.1062,0,0,0,0,0,0,0,0,0,0,0,0,0,0,0,0,0,0,0,0,0,0
0,0,0,0,0,0,0,-1.5337,0.59196,-4.7113,-0.72556,1.0881,0.77476,3.1037,0,0,0,0,0,0,0,0,0,0,0,0,0,0,0,0,0,0,0,0,0,0
0,0,0,0,0,0,0,-1.5312,0.59177,-4.7113,-0.72518,1.0883,0.77465,3.1012,0,0,0,0,0,0,0,0,0,0,0,0,0,0,0,0,0,0,0,0,0,0
0,0,0,0,0,0,0,-1.5287,0.59158,-4.7113,-0.72478,1.0885,0.77461,3.0987,0,0,0,0,0,0,0,0,0,0,0,0,0,0,0,0,0,0,0,0,0,0
0,0,0,0,0,0,0,-1.5262,0.59137,-4.7113,-0.72435,1.0888,0.77447,3.0962,0,0,0,0,0,0,0,0,0,0,0,0,0,0,0,0,0,0,0,0,0,0
0,0,0,0,0,0,0,-1.5237,0.59115,-4.7113,-0.72389,1.089,0.77434,3.0937,0,0,0,0,0,0,0,0,0,0,0,0,0,0,0,0,0,0,0,0,0,0
0,0,0,0,0,0,0,-1.5212,0.59091,-4.7113,-0.72341,1.0892,0.77426,3.0912,0,0,0,0,0,0,0,0,0,0,0,0,0,0,0,0,0,0,0,0,0,0
0,0,0,0,0,0,0,-1.5187,0.59067,-4.7113,-0.72291,1.0895,0.7741,3.0887,0,0,0,0,0,0,0,0,0,0,0,0,0,0,0,0,0,0,0,0,0,0
0,0,0,0,0,0,0,-1.5163,0.59041,-4.7113,-0.72238,1.0898,0.77397,3.0862,0,0,0,0,0,0,0,0,0,0,0,0,0,0,0,0,0,0,0,0,0,0
0,0,0,0,0,0,0,-1.5137,0.59014,-4.7113,-0.72183,1.09,0.77384,3.0837,0,0,0,0,0,0,0,0,0,0,0,0,0,0,0,0,0,0,0,0,0,0
0,0,0,0,0,0,0,-1.5113,0.58986,-4.7113,-0.72125,1.0903,0.7737,3.0812,0,0,0,0,0,0,0,0,0,0,0,0,0,0,0,0,0,0,0,0,0,0
0,0,0,0,0,0,0,-1.5088,0.58957,-4.7113,-0.72064,1.0907,0.77355,3.0788,0,0,0,0,0,0,0,0,0,0,0,0,0,0,0,0,0,0,0,0,0,0
0,0,0,0,0,0,0,-1.5063,0.58927,-4.7113,-0.72002,1.091,0.77341,3.0763,0,0,0,0,0,0,0,0,0,0,0,0,0,0,0,0,0,0,0,0,0,0
0,0,0,0,0,0,0,-1.5038,0.58895,-4.7113,-0.71936,1.0913,0.77324,3.0738,0,0,0,0,0,0,0,0,0,0,0,0,0,0,0,0,0,0,0,0,0,0
0,0,0,0,0,0,0,-1.5013,0.58862,-4.7113,-0.71868,1.0917,0.77307,3.0713,0,0,0,0,0,0,0,0,0,0,0,0,0,0,0,0,0,0,0,0,0,0
0,0,0,0,0,0,0,-1.4988,0.58828,-4.7113,-0.71798,1.092,0.77287,3.0688,0,0,0,0,0,0,0,0,0,0,0,0,0,0,0,0,0,0,0,0,0,0
0,0,0,0,0,0,0,-1.4963,0.58793,-4.7113,-0.71725,1.0924,0.77267,3.0663,0,0,0,0,0,0,0,0,0,0,0,0,0,0,0,0,0,0,0,0,0,0
0,0,0,0,0,0,0,-1.4938,0.58756,-4.7113,-0.7165,1.0928,0.7725,3.0638,0,0,0,0,0,0,0,0,0,0,0,0,0,0,0,0,0,0,0,0,0,0
0,0,0,0,0,0,0,-1.4914,0.58718,-4.7113,-0.71572,1.0932,0.7723,3.0614,0,0,0,0,0,0,0,0,0,0,0,0,0,0,0,0,0,0,0,0,0,0
0,0,0,0,0,0,0,-1.4889,0.58679,-4.7113,-0.71492,1.0936,0.77212,3.0589,0,0,0,0,0,0,0,0,0,0,0,0,0,0,0,0,0,0,0,0,0,0
0,0,0,0,0,0,0,-1.4864,0.58639,-4.7113,-0.71409,1.094,0.7719,3.0564,0,0,0,0,0,0,0,0,0,0,0,0,0,0,0,0,0,0,0,0,0,0
0,0,0,0,0,0,0,-1.4839,0.58597,-4.7113,-0.71323,1.0945,0.77166,3.0539,0,0,0,0,0,0,0,0,0,0,0,0,0,0,0,0,0,0,0,0,0,0
0,0,0,0,0,0,0,-1.4814,0.58555,-4.7113,-0.71235,1.0949,0.77142,3.0514,0,0,0,0,0,0,0,0,0,0,0,0,0,0,0,0,0,0,0,0,0,0
0,0,0,0,0,0,0,-1.4789,0.58511,-4.7113,-0.71145,1.0954,0.77122,3.049,0,0,0,0,0,0,0,0,0,0,0,0,0,0,0,0,0,0,0,0,0,0
0,0,0,0,0,0,0,-1.4765,0.58466,-4.7113,-0.71052,1.0959,0.77097,3.0465,0,0,0,0,0,0,0,0,0,0,0,0,0,0,0,0,0,0,0,0,0,0
0,0,0,0,0,0,0,-1.474,0.58419,-4.7113,-0.70956,1.0964,0.77074,3.044,0,0,0,0,0,0,0,0,0,0,0,0,0,0,0,0,0,0,0,0,0,0
0,0,0,0,0,0,0,-1.4715,0.58372,-4.7113,-0.70858,1.0969,0.77045,3.0415,0,0,0,0,0,0,0,0,0,0,0,0,0,0,0,0,0,0,0,0,0,0
0,0,0,0,0,0,0,-1.469,0.58323,-4.7113,-0.70757,1.0974,0.77019,3.039,0,0,0,0,0,0,0,0,0,0,0,0,0,0,0,0,0,0,0,0,0,0
0,0,0,0,0,0,0,-1.4666,0.58273,-4.7113,-0.70654,1.0979,0.76992,3.0366,0,0,0,0,0,0,0,0,0,0,0,0,0,0,0,0,0,0,0,0,0,0
0,0,0,0,0,0,0,-1.4641,0.58221,-4.7113,-0.70548,1.0985,0.76966,3.0341,0,0,0,0,0,0,0,0,0,0,0,0,0,0,0,0,0,0,0,0,0,0
0,0,0,0,0,0,0,-1.4616,0.58169,-4.7113,-0.70439,1.099,0.76936,3.0316,0,0,0,0,0,0,0,0,0,0,0,0,0,0,0,0,0,0,0,0,0,0
0,0,0,0,0,0,0,-1.4591,0.58115,-4.7113,-0.70329,1.0996,0.76902,3.0292,0,0,0,0,0,0,0,0,0,0,0,0,0,0,0,0,0,0,0,0,0,0
0,0,0,0,0,0,0,-1.4567,0.5806,-4.7113,-0.70215,1.1002,0.76874,3.0267,0,0,0,0,0,0,0,0,0,0,0,0,0,0,0,0,0,0,0,0,0,0
0,0,0,0,0,0,0,-1.4542,0.58003,-4.7113,-0.70099,1.1008,0.76843,3.0242,0,0,0,0,0,0,0,0,0,0,0,0,0,0,0,0,0,0,0,0,0,0
0,0,0,0,0,0,0,-1.4518,0.57946,-4.7113,-0.6998,1.1014,0.76809,3.0218,0,0,0,0,0,0,0,0,0,0,0,0,0,0,0,0,0,0,0,0,0,0
0,0,0,0,0,0,0,-1.4493,0.57887,-4.7113,-0.69858,1.102,0.76775,3.0193,0,0,0,0,0,0,0,0,0,0,0,0,0,0,0,0,0,0,0,0,0,0
0,0,0,0,0,0,0,-1.4468,0.57826,-4.7113,-0.69734,1.1026,0.76743,3.0168,0,0,0,0,0,0,0,0,0,0,0,0,0,0,0,0,0,0,0,0,0,0
0,0,0,0,0,0,0,-1.4444,0.57765,-4.7113,-0.69608,1.1033,0.76705,3.0144,0,0,0,0,0,0,0,0,0,0,0,0,0,0,0,0,0,0,0,0,0,0
0,0,0,0,0,0,0,-1.4419,0.57702,-4.7113,-0.69478,1.104,0.76672,3.0119,0,0,0,0,0,0,0,0,0,0,0,0,0,0,0,0,0,0,0,0,0,0
0,0,0,0,0,0,0,-1.4394,0.57638,-4.7113,-0.69346,1.1046,0.76631,3.0095,0,0,0,0,0,0,0,0,0,0,0,0,0,0,0,0,0,0,0,0,0,0
0,0,0,0,0,0,0,-1.437,0.57573,-4.7113,-0.69212,1.1053,0.7659,3.007,0,0,0,0,0,0,0,0,0,0,0,0,0,0,0,0,0,0,0,0,0,0
0,0,0,0,0,0,0,-1.4345,0.57506,-4.7113,-0.69074,1.106,0.76553,3.0046,0,0,0,0,0,0,0,0,0,0,0,0,0,0,0,0,0,0,0,0,0,0
0,0,0,0,0,0,0,-1.4321,0.57438,-4.7113,-0.68934,1.1068,0.76511,3.0021,0,0,0,0,0,0,0,0,0,0,0,0,0,0,0,0,0,0,0,0,0,0
0,0,0,0,0,0,0,-1.4296,0.57369,-4.7113,-0.68792,1.1075,0.76473,2.9996,0,0,0,0,0,0,0,0,0,0,0,0,0,0,0,0,0,0,0,0,0,0
0,0,0,0,0,0,0,-1.4272,0.57298,-4.7113,-0.68646,1.1082,0.7643,2.9972,0,0,0,0,0,0,0,0,0,0,0,0,0,0,0,0,0,0,0,0,0,0
0,0,0,0,0,0,0,-1.4247,0.57226,-4.7113,-0.68498,1.109,0.76386,2.9947,0,0,0,0,0,0,0,0,0,0,0,0,0,0,0,0,0,0,0,0,0,0
0,0,0,0,0,0,0,-1.4223,0.57153,-4.7113,-0.68348,1.1098,0.76338,2.9923,0,0,0,0,0,0,0,0,0,0,0,0,0,0,0,0,0,0,0,0,0,0
0,0,0,0,0,0,0,-1.4198,0.57079,-4.7113,-0.68194,1.1106,0.76294,2.9899,0,0,0,0,0,0,0,0,0,0,0,0,0,0,0,0,0,0,0,0,0,0
0,0,0,0,0,0,0,-1.4174,0.57003,-4.7113,-0.68038,1.1114,0.76248,2.9874,0,0,0,0,0,0,0,0,0,0,0,0,0,0,0,0,0,0,0,0,0,0
0,0,0,0,0,0,0,-1.4149,0.56926,-4.7113,-0.67879,1.1122,0.76203,2.985,0,0,0,0,0,0,0,0,0,0,0,0,0,0,0,0,0,0,0,0,0,0
0,0,0,0,0,0,0,-1.4125,0.56847,-4.7113,-0.67717,1.113,0.7615,2.9825,0,0,0,0,0,0,0,0,0,0,0,0,0,0,0,0,0,0,0,0,0,0
0,0,0,0,0,0,0,-1.4101,0.56768,-4.7113,-0.67553,1.1139,0.76102,2.9801,0,0,0,0,0,0,0,0,0,0,0,0,0,0,0,0,0,0,0,0,0,0
0,0,0,0,0,0,0,-1.4076,0.56686,-4.7113,-0.67386,1.1147,0.76049,2.9777,0,0,0,0,0,0,0,0,0,0,0,0,0,0,0,0,0,0,0,0,0,0
0,0,0,0,0,0,0,-1.4052,0.56604,-4.7113,-0.67216,1.1156,0.75997,2.9752,0,0,0,0,0,0,0,0,0,0,0,0,0,0,0,0,0,0,0,0,0,0
0,0,0,0,0,0,0,-1.4028,0.5652,-4.7113,-0.67043,1.1165,0.75942,2.9728,0,0,0,0,0,0,0,0,0,0,0,0,0,0,0,0,0,0,0,0,0,0
0,0,0,0,0,0,0,-1.4003,0.56435,-4.7113,-0.66867,1.1174,0.75885,2.9704,0,0,0,0,0,0,0,0,0,0,0,0,0,0,0,0,0,0,0,0,0,0
0,0,0,0,0,0,0,-1.3979,0.56348,-4.7113,-0.66689,1.1183,0.75828,2.968,0,0,0,0,0,0,0,0,0,0,0,0,0,0,0,0,0,0,0,0,0,0
0,0,0,0,0,0,0,-1.3955,0.5626,-4.7113,-0.66507,1.1193,0.75772,2.9655,0,0,0,0,0,0,0,0,0,0,0,0,0,0,0,0,0,0,0,0,0,0
0,0,0,0,0,0,0,-1.3931,0.56171,-4.7113,-0.66323,1.1202,0.7571,2.9631,0,0,0,0,0,0,0,0,0,0,0,0,0,0,0,0,0,0,0,0,0,0
0,0,0,0,0,0,0,-1.3906,0.5608,-4.7113,-0.66136,1.1212,0.75652,2.9607,0,0,0,0,0,0,0,0,0,0,0,0,0,0,0,0,0,0,0,0,0,0
0,0,0,0,0,0,0,-1.3882,0.55988,-4.7113,-0.65946,1.1221,0.7559,2.9583,0,0,0,0,0,0,0,0,0,0,0,0,0,0,0,0,0,0,0,0,0,0
0,0,0,0,0,0,0,-1.3858,0.55894,-4.7113,-0.65754,1.1231,0.75524,2.9559,0,0,0,0,0,0,0,0,0,0,0,0,0,0,0,0,0,0,0,0,0,0
0,0,0,0,0,0,0,-1.3834,0.55799,-4.7113,-0.65558,1.1241,0.75459,2.9535,0,0,0,0,0,0,0,0,0,0,0,0,0,0,0,0,0,0,0,0,0,0
0,0,0,0,0,0,0,-1.381,0.55702,-4.7113,-0.6536,1.1252,0.7539,2.951,0,0,0,0,0,0,0,0,0,0,0,0,0,0,0,0,0,0,0,0,0,0
0,0,0,0,0,0,0,-1.3786,0.55605,-4.7113,-0.65158,1.1262,0.75324,2.9486,0,0,0,0,0,0,0,0,0,0,0,0,0,0,0,0,0,0,0,0,0,0
0,0,0,0,0,0,0,-1.3762,0.55505,-4.7113,-0.64954,1.1273,0.75254,2.9462,0,0,0,0,0,0,0,0,0,0,0,0,0,0,0,0,0,0,0,0,0,0
0,0,0,0,0,0,0,-1.3738,0.55405,-4.7113,-0.64746,1.1283,0.75182,2.9438,0,0,0,0,0,0,0,0,0,0,0,0,0,0,0,0,0,0,0,0,0,0
0,0,0,0,0,0,0,-1.3714,0.55302,-4.7113,-0.64536,1.1294,0.75111,2.9414,0,0,0,0,0,0,0,0,0,0,0,0,0,0,0,0,0,0,0,0,0,0
0,0,0,0,0,0,0,-1.369,0.55199,-4.7113,-0.64322,1.1305,0.75034,2.939,0,0,0,0,0,0,0,0,0,0,0,0,0,0,0,0,0,0,0,0,0,0
0,0,0,0,0,0,0,-1.3666,0.55094,-4.7113,-0.64106,1.1316,0.74959,2.9366,0,0,0,0,0,0,0,0,0,0,0,0,0,0,0,0,0,0,0,0,0,0
0,0,0,0,0,0,0,-1.3642,0.54987,-4.7113,-0.63886,1.1327,0.74883,2.9342,0,0,0,0,0,0,0,0,0,0,0,0,0,0,0,0,0,0,0,0,0,0
0,0,0,0,0,0,0,-1.3618,0.54879,-4.7113,-0.63664,1.1339,0.748,2.9318,0,0,0,0,0,0,0,0,0,0,0,0,0,0,0,0,0,0,0,0,0,0
0,0,0,0,0,0,0,-1.3594,0.54769,-4.7113,-0.63438,1.135,0.7472,2.9295,0,0,0,0,0,0,0,0,0,0,0,0,0,0,0,0,0,0,0,0,0,0
0,0,0,0,0,0,0,-1.357,0.54658,-4.7113,-0.63209,1.1362,0.74634,2.9271,0,0,0,0,0,0,0,0,0,0,0,0,0,0,0,0,0,0,0,0,0,0
0,0,0,0,0,0,0,-1.3546,0.54546,-4.7113,-0.62978,1.1374,0.74553,2.9247,0,0,0,0,0,0,0,0,0,0,0,0,0,0,0,0,0,0,0,0,0,0
0,0,0,0,0,0,0,-1.3522,0.54431,-4.7113,-0.62743,1.1386,0.74462,2.9223,0,0,0,0,0,0,0,0,0,0,0,0,0,0,0,0,0,0,0,0,0,0
0,0,0,0,0,0,0,-1.3498,0.54316,-4.7113,-0.62505,1.1398,0.74373,2.9199,0,0,0,0,0,0,0,0,0,0,0,0,0,0,0,0,0,0,0,0,0,0
0,0,0,0,0,0,0,-1.3475,0.54199,-4.7113,-0.62263,1.1411,0.74279,2.9175,0,0,0,0,0,0,0,0,0,0,0,0,0,0,0,0,0,0,0,0,0,0
0,0,0,0,0,0,0,-1.3451,0.5408,-4.7113,-0.62019,1.1423,0.74186,2.9152,0,0,0,0,0,0,0,0,0,0,0,0,0,0,0,0,0,0,0,0,0,0
0,0,0,0,0,0,0,-1.3427,0.53959,-4.7113,-0.61771,1.1436,0.7409,2.9128,0,0,0,0,0,0,0,0,0,0,0,0,0,0,0,0,0,0,0,0,0,0
0,0,0,0,0,0,0,-1.3403,0.53838,-4.7113,-0.6152,1.1449,0.73995,2.9104,0,0,0,0,0,0,0,0,0,0,0,0,0,0,0,0,0,0,0,0,0,0
0,0,0,0,0,0,0,-1.338,0.53714,-4.7113,-0.61266,1.1462,0.73893,2.908,0,0,0,0,0,0,0,0,0,0,0,0,0,0,0,0,0,0,0,0,0,0
0,0,0,0,0,0,0,-1.3356,0.53589,-4.7113,-0.61008,1.1475,0.7379,2.9057,0,0,0,0,0,0,0,0,0,0,0,0,0,0,0,0,0,0,0,0,0,0
0,0,0,0,0,0,0,-1.3332,0.53462,-4.7113,-0.60748,1.1489,0.73687,2.9033,0,0,0,0,0,0,0,0,0,0,0,0,0,0,0,0,0,0,0,0,0,0
0,0,0,0,0,0,0,-1.3309,0.53334,-4.7113,-0.60484,1.1502,0.7358,2.901,0,0,0,0,0,0,0,0,0,0,0,0,0,0,0,0,0,0,0,0,0,0
0,0,0,0,0,0,0,-1.3285,0.53204,-4.7113,-0.60216,1.1516,0.73472,2.8986,0,0,0,0,0,0,0,0,0,0,0,0,0,0,0,0,0,0,0,0,0,0
0,0,0,0,0,0,0,-1.3262,0.53072,-4.7113,-0.59945,1.153,0.7336,2.8963,0,0,0,0,0,0,0,0,0,0,0,0,0,0,0,0,0,0,0,0,0,0
0,0,0,0,0,0,0,-1.3259,0.53314,-4.7121,-0.59944,1.1554,0.73459,2.8965,0,0,0,0,0,0,0,0,0,0,0,0,0,0,0,0,0,0,0,0,0,0
0,0,0,0,0,0,0,-1.3256,0.53555,1.5702,-0.5994,1.1579,0.73558,2.8968,0,0,0,0,0,0,0,0,0,0,0,0,0,0,0,0,0,0,0,0,0,0
0,0,0,0,0,0,0,-1.3254,0.53794,1.5694,-0.59933,1.1603,0.73655,2.8971,0,0,0,0,0,0,0,0,0,0,0,0,0,0,0,0,0,0,0,0,0,0
0,0,0,0,0,0,0,-1.3251,0.54031,1.5685,-0.59923,1.1628,0.73752,2.8973,0,0,0,0,0,0,0,0,0,0,0,0,0,0,0,0,0,0,0,0,0,0
0,0,0,0,0,0,0,-1.3249,0.54268,1.5676,-0.59911,1.1653,0.73848,2.8976,0,0,0,0,0,0,0,0,0,0,0,0,0,0,0,0,0,0,0,0,0,0
0,0,0,0,0,0,0,-1.3246,0.54503,1.5668,-0.59896,1.1678,0.73943,2.8979,0,0,0,0,0,0,0,0,0,0,0,0,0,0,0,0,0,0,0,0,0,0
0,0,0,0,0,0,0,-1.3244,0.54737,1.5659,-0.59878,1.1703,0.74037,2.8981,0,0,0,0,0,0,0,0,0,0,0,0,0,0,0,0,0,0,0,0,0,0
0,0,0,0,0,0,0,-1.3241,0.54969,1.5651,-0.59858,1.1728,0.74129,2.8984,0,0,0,0,0,0,0,0,0,0,0,0,0,0,0,0,0,0,0,0,0,0
0,0,0,0,0,0,0,-1.3238,0.552,1.5642,-0.59835,1.1754,0.74222,2.8987,0,0,0,0,0,0,0,0,0,0,0,0,0,0,0,0,0,0,0,0,0,0
0,0,0,0,0,0,0,-1.3236,0.5543,1.5634,-0.59809,1.178,0.74313,2.8989,0,0,0,0,0,0,0,0,0,0,0,0,0,0,0,0,0,0,0,0,0,0
0,0,0,0,0,0,0,-1.3233,0.55658,1.5625,-0.5978,1.1805,0.74403,2.8992,0,0,0,0,0,0,0,0,0,0,0,0,0,0,0,0,0,0,0,0,0,0
0,0,0,0,0,0,0,-1.3231,0.55885,1.5616,-0.59749,1.1831,0.74492,2.8994,0,0,0,0,0,0,0,0,0,0,0,0,0,0,0,0,0,0,0,0,0,0
0,0,0,0,0,0,0,-1.3228,0.56111,1.5607,-0.59715,1.1857,0.7458,2.8997,0,0,0,0,0,0,0,0,0,0,0,0,0,0,0,0,0,0,0,0,0,0
0,0,0,0,0,0,0,-1.3226,0.56335,1.5599,-0.59678,1.1883,0.74667,2.9,0,0,0,0,0,0,0,0,0,0,0,0,0,0,0,0,0,0,0,0,0,0
0,0,0,0,0,0,0,-1.3223,0.56558,1.559,-0.59639,1.191,0.74754,2.9002,0,0,0,0,0,0,0,0,0,0,0,0,0,0,0,0,0,0,0,0,0,0
0,0,0,0,0,0,0,-1.322,0.56779,1.5581,-0.59597,1.1936,0.74839,2.9005,0,0,0,0,0,0,0,0,0,0,0,0,0,0,0,0,0,0,0,0,0,0
0,0,0,0,0,0,0,-1.3218,0.56999,1.5573,-0.59552,1.1963,0.74923,2.9007,0,0,0,0,0,0,0,0,0,0,0,0,0,0,0,0,0,0,0,0,0,0
0,0,0,0,0,0,0,-1.3215,0.57218,1.5564,-0.59504,1.1989,0.75006,2.901,0,0,0,0,0,0,0,0,0,0,0,0,0,0,0,0,0,0,0,0,0,0
0,0,0,0,0,0,0,-1.3213,0.57435,1.5555,-0.59454,1.2016,0.75089,2.9013,0,0,0,0,0,0,0,0,0,0,0,0,0,0,0,0,0,0,0,0,0,0
0,0,0,0,0,0,0,-1.321,0.57651,1.5546,-0.594,1.2043,0.7517,2.9015,0,0,0,0,0,0,0,0,0,0,0,0,0,0,0,0,0,0,0,0,0,0
0,0,0,0,0,0,0,-1.3208,0.57865,1.5537,-0.59344,1.207,0.7525,2.9017,0,0,0,0,0,0,0,0,0,0,0,0,0,0,0,0,0,0,0,0,0,0
0,0,0,0,0,0,0,-1.3205,0.58078,1.5528,-0.59286,1.2097,0.75329,2.902,0,0,0,0,0,0,0,0,0,0,0,0,0,0,0,0,0,0,0,0,0,0
0,0,0,0,0,0,0,-1.3202,0.58289,1.5519,-0.59224,1.2125,0.75406,2.9022,0,0,0,0,0,0,0,0,0,0,0,0,0,0,0,0,0,0,0,0,0,0
0,0,0,0,0,0,0,-1.32,0.58499,1.5511,-0.5916,1.2152,0.75484,2.9025,0,0,0,0,0,0,0,0,0,0,0,0,0,0,0,0,0,0,0,0,0,0
0,0,0,0,0,0,0,-1.3197,0.58708,1.5502,-0.59093,1.218,0.75559,2.9028,0,0,0,0,0,0,0,0,0,0,0,0,0,0,0,0,0,0,0,0,0,0
0,0,0,0,0,0,0,-1.3195,0.58915,1.5493,-0.59023,1.2208,0.75634,2.903,0,0,0,0,0,0,0,0,0,0,0,0,0,0,0,0,0,0,0,0,0,0
0,0,0,0,0,0,0,-1.3192,0.59121,1.5484,-0.5895,1.2236,0.75707,2.9032,0,0,0,0,0,0,0,0,0,0,0,0,0,0,0,0,0,0,0,0,0,0
0,0,0,0,0,0,0,-1.3189,0.59325,1.5475,-0.58875,1.2264,0.75779,2.9035,0,0,0,0,0,0,0,0,0,0,0,0,0,0,0,0,0,0,0,0,0,0
0,0,0,0,0,0,0,-1.3187,0.59528,1.5466,-0.58797,1.2292,0.7585,2.9037,0,0,0,0,0,0,0,0,0,0,0,0,0,0,0,0,0,0,0,0,0,0
0,0,0,0,0,0,0,-1.3184,0.59729,1.5457,-0.58716,1.232,0.7592,2.904,0,0,0,0,0,0,0,0,0,0,0,0,0,0,0,0,0,0,0,0,0,0
0,0,0,0,0,0,0,-1.3182,0.59929,1.5448,-0.58632,1.2349,0.75989,2.9042,0,0,0,0,0,0,0,0,0,0,0,0,0,0,0,0,0,0,0,0,0,0
0,0,0,0,0,0,0,-1.3179,0.60127,1.5439,-0.58546,1.2377,0.76056,2.9045,0,0,0,0,0,0,0,0,0,0,0,0,0,0,0,0,0,0,0,0,0,0
0,0,0,0,0,0,0,-1.3177,0.60324,1.543,-0.58456,1.2406,0.76123,2.9047,0,0,0,0,0,0,0,0,0,0,0,0,0,0,0,0,0,0,0,0,0,0
0,0,0,0,0,0,0,-1.3174,0.6052,1.542,-0.58364,1.2435,0.76188,2.9049,0,0,0,0,0,0,0,0,0,0,0,0,0,0,0,0,0,0,0,0,0,0
0,0,0,0,0,0,0,-1.3172,0.60713,1.5411,-0.58269,1.2464,0.76251,2.9051,0,0,0,0,0,0,0,0,0,0,0,0,0,0,0,0,0,0,0,0,0,0
0,0,0,0,0,0,0,-1.3169,0.60906,1.5402,-0.58171,1.2493,0.76313,2.9054,0,0,0,0,0,0,0,0,0,0,0,0,0,0,0,0,0,0,0,0,0,0
0,0,0,0,0,0,0,-1.3166,0.61097,1.5393,-0.5807,1.2523,0.76374,2.9056,0,0,0,0,0,0,0,0,0,0,0,0,0,0,0,0,0,0,0,0,0,0
0,0,0,0,0,0,0,-1.3164,0.61286,1.5384,-0.57966,1.2552,0.76434,2.9059,0,0,0,0,0,0,0,0,0,0,0,0,0,0,0,0,0,0,0,0,0,0
0,0,0,0,0,0,0,-1.3161,0.61474,1.5375,-0.5786,1.2582,0.76492,2.9061,0,0,0,0,0,0,0,0,0,0,0,0,0,0,0,0,0,0,0,0,0,0
0,0,0,0,0,0,0,-1.3159,0.6166,1.5366,-0.5775,1.2612,0.76549,2.9063,0,0,0,0,0,0,0,0,0,0,0,0,0,0,0,0,0,0,0,0,0,0
0,0,0,0,0,0,0,-1.3156,0.61845,1.5356,-0.57638,1.2641,0.76604,2.9065,0,0,0,0,0,0,0,0,0,0,0,0,0,0,0,0,0,0,0,0,0,0
0,0,0,0,0,0,0,-1.3154,0.62028,1.5347,-0.57523,1.2671,0.76658,2.9068,0,0,0,0,0,0,0,0,0,0,0,0,0,0,0,0,0,0,0,0,0,0
0,0,0,0,0,0,0,-1.3151,0.6221,1.5338,-0.57405,1.2702,0.76711,2.907,0,0,0,0,0,0,0,0,0,0,0,0,0,0,0,0,0,0,0,0,0,0
0,0,0,0,0,0,0,-1.3149,0.6239,1.5328,-0.57283,1.2732,0.76762,2.9072,0,0,0,0,0,0,0,0,0,0,0,0,0,0,0,0,0,0,0,0,0,0
0,0,0,0,0,0,0,-1.3146,0.62569,1.5319,-0.57159,1.2762,0.76811,2.9074,0,0,0,0,0,0,0,0,0,0,0,0,0,0,0,0,0,0,0,0,0,0
0,0,0,0,0,0,0,-1.3144,0.62745,1.531,-0.57032,1.2793,0.76859,2.9076,0,0,0,0,0,0,0,0,0,0,0,0,0,0,0,0,0,0,0,0,0,0
0,0,0,0,0,0,0,-1.3141,0.62921,1.53,-0.56903,1.2824,0.76905,2.9078,0,0,0,0,0,0,0,0,0,0,0,0,0,0,0,0,0,0,0,0,0,0
0,0,0,0,0,0,0,-1.3139,0.63095,1.5291,-0.5677,1.2854,0.7695,2.9081,0,0,0,0,0,0,0,0,0,0,0,0,0,0,0,0,0,0,0,0,0,0
0,0,0,0,0,0,0,-1.3137,0.63267,1.5282,-0.56634,1.2886,0.76992,2.9083,0,0,0,0,0,0,0,0,0,0,0,0,0,0,0,0,0,0,0,0,0,0
0,0,0,0,0,0,0,-1.3134,0.63437,1.5272,-0.56495,1.2917,0.77034,2.9085,0,0,0,0,0,0,0,0,0,0,0,0,0,0,0,0,0,0,0,0,0,0
0,0,0,0,0,0,0,-1.3132,0.63606,1.5263,-0.56353,1.2948,0.77073,2.9087,0,0,0,0,0,0,0,0,0,0,0,0,0,0,0,0,0,0,0,0,0,0
0,0,0,0,0,0,0,-1.3129,0.63774,1.5253,-0.56208,1.2979,0.77111,2.9089,0,0,0,0,0,0,0,0,0,0,0,0,0,0,0,0,0,0,0,0,0,0
0,0,0,0,0,0,0,-1.3127,0.63939,1.5244,-0.5606,1.3011,0.77147,2.9091,0,0,0,0,0,0,0,0,0,0,0,0,0,0,0,0,0,0,0,0,0,0
0,0,0,0,0,0,0,-1.3125,0.64103,1.5234,-0.55909,1.3043,0.77181,2.9093,0,0,0,0,0,0,0,0,0,0,0,0,0,0,0,0,0,0,0,0,0,0
0,0,0,0,0,0,0,-1.3122,0.64266,1.5225,-0.55755,1.3075,0.77213,2.9095,0,0,0,0,0,0,0,0,0,0,0,0,0,0,0,0,0,0,0,0,0,0
0,0,0,0,0,0,0,-1.312,0.64426,1.5215,-0.55598,1.3107,0.77243,2.9097,0,0,0,0,0,0,0,0,0,0,0,0,0,0,0,0,0,0,0,0,0,0
0,0,0,0,0,0,0,-1.3118,0.64585,1.5205,-0.55438,1.3139,0.77271,2.9099,0,0,0,0,0,0,0,0,0,0,0,0,0,0,0,0,0,0,0,0,0,0
0,0,0,0,0,0,0,-1.3115,0.64743,1.5196,-0.55275,1.3171,0.77297,2.9101,0,0,0,0,0,0,0,0,0,0,0,0,0,0,0,0,0,0,0,0,0,0
0,0,0,0,0,0,0,-1.3113,0.64898,1.5186,-0.55108,1.3203,0.77321,2.9103,0,0,0,0,0,0,0,0,0,0,0,0,0,0,0,0,0,0,0,0,0,0
0,0,0,0,0,0,0,-1.3111,0.65052,1.5176,-0.54939,1.3236,0.77343,2.9105,0,0,0,0,0,0,0,0,0,0,0,0,0,0,0,0,0,0,0,0,0,0
0,0,0,0,0,0,0,-1.3109,0.65204,1.5167,-0.54766,1.3269,0.77363,2.9107,0,0,0,0,0,0,0,0,0,0,0,0,0,0,0,0,0,0,0,0,0,0
0,0,0,0,0,0,0,-1.3106,0.65355,1.5157,-0.5459,1.3301,0.77381,2.9108,0,0,0,0,0,0,0,0,0,0,0,0,0,0,0,0,0,0,0,0,0,0
0,0,0,0,0,0,0,-1.3104,0.65504,1.5147,-0.54411,1.3335,0.77396,2.911,0,0,0,0,0,0,0,0,0,0,0,0,0,0,0,0,0,0,0,0,0,0
0,0,0,0,0,0,0,-1.3102,0.65651,1.5138,-0.54229,1.3368,0.77409,2.9112,0,0,0,0,0,0,0,0,0,0,0,0,0,0,0,0,0,0,0,0,0,0
0,0,0,0,0,0,0,-1.31,0.65796,1.5128,-0.54043,1.3401,0.7742,2.9114,0,0,0,0,0,0,0,0,0,0,0,0,0,0,0,0,0,0,0,0,0,0
0,0,0,0,0,0,0,-1.3097,0.65939,1.5118,-0.53854,1.3435,0.77428,2.9116,0,0,0,0,0,0,0,0,0,0,0,0,0,0,0,0,0,0,0,0,0,0
0,0,0,0,0,0,0,-1.3095,0.66081,1.5108,-0.53662,1.3468,0.77434,2.9118,0,0,0,0,0,0,0,0,0,0,0,0,0,0,0,0,0,0,0,0,0,0
0,0,0,0,0,0,0,-1.3093,0.66221,1.5098,-0.53467,1.3502,0.77437,2.9119,0,0,0,0,0,0,0,0,0,0,0,0,0,0,0,0,0,0,0,0,0,0
0,0,0,0,0,0,0,-1.3091,0.66359,1.5088,-0.53268,1.3536,0.77438,2.9121,0,0,0,0,0,0,0,0,0,0,0,0,0,0,0,0,0,0,0,0,0,0
0,0,0,0,0,0,0,-1.3089,0.66495,1.5078,-0.53066,1.357,0.77436,2.9123,0,0,0,0,0,0,0,0,0,0,0,0,0,0,0,0,0,0,0,0,0,0
0,0,0,0,0,0,0,-1.3087,0.6663,1.5068,-0.52861,1.3604,0.77431,2.9124,0,0,0,0,0,0,0,0,0,0,0,0,0,0,0,0,0,0,0,0,0,0
0,0,0,0,0,0,0,-1.3085,0.66762,1.5058,-0.52652,1.3639,0.77424,2.9126,0,0,0,0,0,0,0,0,0,0,0,0,0,0,0,0,0,0,0,0,0,0
0,0,0,0,0,0,0,-1.3083,0.66893,1.5048,-0.5244,1.3673,0.77413,2.9128,0,0,0,0,0,0,0,0,0,0,0,0,0,0,0,0,0,0,0,0,0,0
0,0,0,0,0,0,0,-1.3081,0.67022,1.5038,-0.52224,1.3708,0.774,2.9129,0,0,0,0,0,0,0,0,0,0,0,0,0,0,0,0,0,0,0,0,0,0
0,0,0,0,0,0,0,-1.3079,0.67148,1.5028,-0.52005,1.3743,0.77383,2.9131,0,0,0,0,0,0,0,0,0,0,0,0,0,0,0,0,0,0,0,0,0,0
0,0,0,0,0,0,0,-1.3077,0.67273,1.5018,-0.51782,1.3778,0.77363,2.9132,0,0,0,0,0,0,0,0,0,0,0,0,0,0,0,0,0,0,0,0,0,0
0,0,0,0,0,0,0,-1.3075,0.67397,1.5008,-0.51556,1.3813,0.77341,2.9134,0,0,0,0,0,0,0,0,0,0,0,0,0,0,0,0,0,0,0,0,0,0
0,0,0,0,0,0,0,-1.3073,0.67518,1.4998,-0.51327,1.3848,0.77315,2.9135,0,0,0,0,0,0,0,0,0,0,0,0,0,0,0,0,0,0,0,0,0,0
0,0,0,0,0,0,0,-1.3071,0.67637,1.4988,-0.51094,1.3884,0.77285,2.9137,0,0,0,0,0,0,0,0,0,0,0,0,0,0,0,0,0,0,0,0,0,0
0,0,0,0,0,0,0,-1.3069,0.67754,1.4977,-0.50857,1.392,0.77252,2.9138,0,0,0,0,0,0,0,0,0,0,0,0,0,0,0,0,0,0,0,0,0,0
0,0,0,0,0,0,0,-1.3067,0.67869,1.4967,-0.50616,1.3955,0.77216,2.914,0,0,0,0,0,0,0,0,0,0,0,0,0,0,0,0,0,0,0,0,0,0
0,0,0,0,0,0,0,-1.3066,0.67982,1.4957,-0.50372,1.3991,0.77176,2.9141,0,0,0,0,0,0,0,0,0,0,0,0,0,0,0,0,0,0,0,0,0,0
0,0,0,0,0,0,0,-1.3064,0.68093,1.4946,-0.50124,1.4028,0.77132,2.9143,0,0,0,0,0,0,0,0,0,0,0,0,0,0,0,0,0,0,0,0,0,0
0,0,0,0,0,0,0,-1.3062,0.68202,1.4936,-0.49873,1.4064,0.77085,2.9144,0,0,0,0,0,0,0,0,0,0,0,0,0,0,0,0,0,0,0,0,0,0
0,0,0,0,0,0,0,-1.306,0.6831,1.4926,-0.49618,1.41,0.77033,2.9145,0,0,0,0,0,0,0,0,0,0,0,0,0,0,0,0,0,0,0,0,0,0
0,0,0,0,0,0,0,-1.3059,0.68415,1.4915,-0.49359,1.4137,0.76977,2.9147,0,0,0,0,0,0,0,0,0,0,0,0,0,0,0,0,0,0,0,0,0,0
0,0,0,0,0,0,0,-1.3057,0.68517,1.4904,-0.49096,1.4174,0.76917,2.9148,0,0,0,0,0,0,0,0,0,0,0,0,0,0,0,0,0,0,0,0,0,0
0,0,0,0,0,0,0,-1.3055,0.68618,1.4894,-0.48829,1.4211,0.76853,2.9149,0,0,0,0,0,0,0,0,0,0,0,0,0,0,0,0,0,0,0,0,0,0
0,0,0,0,0,0,0,-1.3054,0.68717,1.4883,-0.48558,1.4248,0.76785,2.915,0,0,0,0,0,0,0,0,0,0,0,0,0,0,0,0,0,0,0,0,0,0
0,0,0,0,0,0,0,-1.3052,0.68813,1.4872,-0.48284,1.4286,0.76711,2.9152,0,0,0,0,0,0,0,0,0,0,0,0,0,0,0,0,0,0,0,0,0,0
0,0,0,0,0,0,0,-1.3051,0.68907,1.4862,-0.48005,1.4323,0.76634,2.9153,0,0,0,0,0,0,0,0,0,0,0,0,0,0,0,0,0,0,0,0,0,0
0,0,0,0,0,0,0,-1.3049,0.68999,1.4851,-0.47722,1.4361,0.76551,2.9154,0,0,0,0,0,0,0,0,0,0,0,0,0,0,0,0,0,0,0,0,0,0
0,0,0,0,0,0,0,-1.3048,0.69089,1.484,-0.47436,1.4399,0.76463,2.9155,0,0,0,0,0,0,0,0,0,0,0,0,0,0,0,0,0,0,0,0,0,0
0,0,0,0,0,0,0,-1.3046,0.69177,1.4829,-0.47145,1.4437,0.76371,2.9156,0,0,0,0,0,0,0,0,0,0,0,0,0,0,0,0,0,0,0,0,0,0
0,0,0,0,0,0,0,-1.3045,0.69262,1.4818,-0.4685,1.4475,0.76272,2.9157,0,0,0,0,0,0,0,0,0,0,0,0,0,0,0,0,0,0,0,0,0,0
0,0,0,0,0,0,0,-1.3043,0.69345,1.4807,-0.4655,1.4514,0.76169,2.9158,0,0,0,0,0,0,0,0,0,0,0,0,0,0,0,0,0,0,0,0,0,0
0,0,0,0,0,0,0,-1.3042,0.69426,1.4796,-0.46247,1.4553,0.7606,2.9159,0,0,0,0,0,0,0,0,0,0,0,0,0,0,0,0,0,0,0,0,0,0
0,0,0,0,0,0,0,-1.3041,0.69504,1.4785,-0.45939,1.4592,0.75945,2.916,0,0,0,0,0,0,0,0,0,0,0,0,0,0,0,0,0,0,0,0,0,0
0,0,0,0,0,0,0,-1.304,0.6958,1.4774,-0.45627,1.4631,0.75824,2.9161,0,0,0,0,0,0,0,0,0,0,0,0,0,0,0,0,0,0,0,0,0,0
0,0,0,0,0,0,0,-1.3038,0.69653,1.4763,-0.4531,1.467,0.75697,2.9162,0,0,0,0,0,0,0,0,0,0,0,0,0,0,0,0,0,0,0,0,0,0
0,0,0,0,0,0,0,-1.3063,0.69822,1.4773,-0.45627,1.4655,0.75998,2.9185,0,0,0,0,0,0,0,0,0,0,0,0,0,0,0,0,0,0,0,0,0,0
0,0,0,0,0,0,0,-1.3087,0.69989,1.4783,-0.45939,1.464,0.76292,2.9207,0,0,0,0,0,0,0,0,0,0,0,0,0,0,0,0,0,0,0,0,0,0
0,0,0,0,0,0,0,-1.3112,0.70154,1.4794,-0.46247,1.4626,0.76581,2.923,0,0,0,0,0,0,0,0,0,0,0,0,0,0,0,0,0,0,0,0,0,0
0,0,0,0,0,0,0,-1.3137,0.70316,1.4804,-0.46551,1.4611,0.76864,2.9252,0,0,0,0,0,0,0,0,0,0,0,0,0,0,0,0,0,0,0,0,0,0
0,0,0,0,0,0,0,-1.3161,0.70476,1.4814,-0.4685,1.4597,0.77141,2.9275,0,0,0,0,0,0,0,0,0,0,0,0,0,0,0,0,0,0,0,0,0,0
0,0,0,0,0,0,0,-1.3186,0.70634,1.4824,-0.47145,1.4583,0.77413,2.9297,0,0,0,0,0,0,0,0,0,0,0,0,0,0,0,0,0,0,0,0,0,0
0,0,0,0,0,0,0,-1.3211,0.7079,1.4834,-0.47436,1.4569,0.77679,2.932,0,0,0,0,0,0,0,0,0,0,0,0,0,0,0,0,0,0,0,0,0,0
0,0,0,0,0,0,0,-1.3236,0.70944,1.4844,-0.47723,1.4555,0.7794,2.9343,0,0,0,0,0,0,0,0,0,0,0,0,0,0,0,0,0,0,0,0,0,0
0,0,0,0,0,0,0,-1.3261,0.71095,1.4854,-0.48006,1.4542,0.78196,2.9365,0,0,0,0,0,0,0,0,0,0,0,0,0,0,0,0,0,0,0,0,0,0
0,0,0,0,0,0,0,-1.3286,0.71245,1.4864,-0.48285,1.4529,0.78447,2.9388,0,0,0,0,0,0,0,0,0,0,0,0,0,0,0,0,0,0,0,0,0,0
0,0,0,0,0,0,0,-1.3311,0.71392,1.4874,-0.48559,1.4516,0.78693,2.941,0,0,0,0,0,0,0,0,0,0,0,0,0,0,0,0,0,0,0,0,0,0
0,0,0,0,0,0,0,-1.3336,0.71537,1.4884,-0.4883,1.4503,0.78934,2.9433,0,0,0,0,0,0,0,0,0,0,0,0,0,0,0,0,0,0,0,0,0,0
0,0,0,0,0,0,0,-1.3361,0.71681,1.4894,-0.49097,1.449,0.79171,2.9455,0,0,0,0,0,0,0,0,0,0,0,0,0,0,0,0,0,0,0,0,0,0
0,0,0,0,0,0,0,-1.3386,0.71822,1.4904,-0.4936,1.4478,0.79403,2.9478,0,0,0,0,0,0,0,0,0,0,0,0,0,0,0,0,0,0,0,0,0,0
0,0,0,0,0,0,0,-1.3412,0.71961,1.4914,-0.49619,1.4466,0.79631,2.95,0,0,0,0,0,0,0,0,0,0,0,0,0,0,0,0,0,0,0,0,0,0
0,0,0,0,0,0,0,-1.3437,0.72099,1.4923,-0.49874,1.4454,0.79854,2.9523,0,0,0,0,0,0,0,0,0,0,0,0,0,0,0,0,0,0,0,0,0,0
0,0,0,0,0,0,0,-1.3462,0.72234,1.4933,-0.50126,1.4442,0.80074,2.9545,0,0,0,0,0,0,0,0,0,0,0,0,0,0,0,0,0,0,0,0,0,0
0,0,0,0,0,0,0,-1.3488,0.72368,1.4943,-0.50374,1.443,0.80289,2.9568,0,0,0,0,0,0,0,0,0,0,0,0,0,0,0,0,0,0,0,0,0,0
0,0,0,0,0,0,0,-1.3514,0.72499,1.4953,-0.50618,1.4418,0.805,2.959,0,0,0,0,0,0,0,0,0,0,0,0,0,0,0,0,0,0,0,0,0,0
0,0,0,0,0,0,0,-1.3539,0.72629,1.4962,-0.50858,1.4407,0.80708,2.9613,0,0,0,0,0,0,0,0,0,0,0,0,0,0,0,0,0,0,0,0,0,0
0,0,0,0,0,0,0,-1.3565,0.72756,1.4972,-0.51095,1.4396,0.80911,2.9636,0,0,0,0,0,0,0,0,0,0,0,0,0,0,0,0,0,0,0,0,0,0
0,0,0,0,0,0,0,-1.3591,0.72882,1.4982,-0.51328,1.4385,0.81111,2.9658,0,0,0,0,0,0,0,0,0,0,0,0,0,0,0,0,0,0,0,0,0,0
0,0,0,0,0,0,0,-1.3616,0.73006,1.4991,-0.51558,1.4374,0.81307,2.968,0,0,0,0,0,0,0,0,0,0,0,0,0,0,0,0,0,0,0,0,0,0
0,0,0,0,0,0,0,-1.3642,0.73128,1.5001,-0.51784,1.4363,0.815,2.9703,0,0,0,0,0,0,0,0,0,0,0,0,0,0,0,0,0,0,0,0,0,0
0,0,0,0,0,0,0,-1.3668,0.73249,1.501,-0.52007,1.4353,0.8169,2.9726,0,0,0,0,0,0,0,0,0,0,0,0,0,0,0,0,0,0,0,0,0,0
0,0,0,0,0,0,0,-1.3694,0.73367,1.502,-0.52226,1.4342,0.81875,2.9748,0,0,0,0,0,0,0,0,0,0,0,0,0,0,0,0,0,0,0,0,0,0
0,0,0,0,0,0,0,-1.372,0.73483,1.503,-0.52442,1.4332,0.82058,2.9771,0,0,0,0,0,0,0,0,0,0,0,0,0,0,0,0,0,0,0,0,0,0
0,0,0,0,0,0,0,-1.3746,0.73598,1.5039,-0.52654,1.4322,0.82237,2.9793,0,0,0,0,0,0,0,0,0,0,0,0,0,0,0,0,0,0,0,0,0,0
0,0,0,0,0,0,0,-1.3772,0.73711,1.5049,-0.52863,1.4312,0.82413,2.9815,0,0,0,0,0,0,0,0,0,0,0,0,0,0,0,0,0,0,0,0,0,0
0,0,0,0,0,0,0,-1.3798,0.73822,1.5058,-0.53068,1.4303,0.82586,2.9838,0,0,0,0,0,0,0,0,0,0,0,0,0,0,0,0,0,0,0,0,0,0
0,0,0,0,0,0,0,-1.3824,0.73932,1.5068,-0.5327,1.4293,0.82757,2.9861,0,0,0,0,0,0,0,0,0,0,0,0,0,0,0,0,0,0,0,0,0,0
0,0,0,0,0,0,0,-1.3851,0.74039,1.5077,-0.53469,1.4284,0.82924,2.9883,0,0,0,0,0,0,0,0,0,0,0,0,0,0,0,0,0,0,0,0,0,0
0,0,0,0,0,0,0,-1.3877,0.74145,1.5087,-0.53664,1.4275,0.83088,2.9905,0,0,0,0,0,0,0,0,0,0,0,0,0,0,0,0,0,0,0,0,0,0
0,0,0,0,0,0,0,-1.3903,0.74249,1.5096,-0.53856,1.4266,0.83249,2.9928,0,0,0,0,0,0,0,0,0,0,0,0,0,0,0,0,0,0,0,0,0,0
0,0,0,0,0,0,0,-1.393,0.74352,1.5106,-0.54045,1.4257,0.83408,2.995,0,0,0,0,0,0,0,0,0,0,0,0,0,0,0,0,0,0,0,0,0,0
0,0,0,0,0,0,0,-1.3956,0.74452,1.5115,-0.54231,1.4248,0.83564,2.9973,0,0,0,0,0,0,0,0,0,0,0,0,0,0,0,0,0,0,0,0,0,0
0,0,0,0,0,0,0,-1.3982,0.74551,1.5125,-0.54413,1.4239,0.83717,2.9996,0,0,0,0,0,0,0,0,0,0,0,0,0,0,0,0,0,0,0,0,0,0
0,0,0,0,0,0,0,-1.4009,0.74648,1.5134,-0.54592,1.4231,0.83868,3.0018,0,0,0,0,0,0,0,0,0,0,0,0,0,0,0,0,0,0,0,0,0,0
0,0,0,0,0,0,0,-1.4036,0.74744,1.5144,-0.54768,1.4223,0.84016,3.004,0,0,0,0,0,0,0,0,0,0,0,0,0,0,0,0,0,0,0,0,0,0
0,0,0,0,0,0,0,-1.4062,0.74838,1.5153,-0.54941,1.4215,0.84162,3.0063,0,0,0,0,0,0,0,0,0,0,0,0,0,0,0,0,0,0,0,0,0,0
0,0,0,0,0,0,0,-1.4089,0.7493,1.5163,-0.5511,1.4206,0.84305,3.0085,0,0,0,0,0,0,0,0,0,0,0,0,0,0,0,0,0,0,0,0,0,0
0,0,0,0,0,0,0,-1.4116,0.75021,1.5172,-0.55277,1.4199,0.84446,3.0108,0,0,0,0,0,0,0,0,0,0,0,0,0,0,0,0,0,0,0,0,0,0
0,0,0,0,0,0,0,-1.4142,0.75109,1.5182,-0.5544,1.4191,0.84584,3.013,0,0,0,0,0,0,0,0,0,0,0,0,0,0,0,0,0,0,0,0,0,0
0,0,0,0,0,0,0,-1.4169,0.75196,1.5191,-0.556,1.4183,0.8472,3.0153,0,0,0,0,0,0,0,0,0,0,0,0,0,0,0,0,0,0,0,0,0,0
0,0,0,0,0,0,0,-1.4196,0.75282,1.52,-0.55757,1.4176,0.84854,3.0175,0,0,0,0,0,0,0,0,0,0,0,0,0,0,0,0,0,0,0,0,0,0
0,0,0,0,0,0,0,-1.4223,0.75366,1.521,-0.55911,1.4169,0.84986,3.0198,0,0,0,0,0,0,0,0,0,0,0,0,0,0,0,0,0,0,0,0,0,0
0,0,0,0,0,0,0,-1.425,0.75448,1.5219,-0.56062,1.4162,0.85116,3.022,0,0,0,0,0,0,0,0,0,0,0,0,0,0,0,0,0,0,0,0,0,0
0,0,0,0,0,0,0,-1.4277,0.75528,1.5229,-0.5621,1.4155,0.85244,3.0243,0,0,0,0,0,0,0,0,0,0,0,0,0,0,0,0,0,0,0,0,0,0
0,0,0,0,0,0,0,-1.4304,0.75607,1.5238,-0.56355,1.4148,0.85369,3.0265,0,0,0,0,0,0,0,0,0,0,0,0,0,0,0,0,0,0,0,0,0,0
0,0,0,0,0,0,0,-1.433,0.75685,1.5248,-0.56497,1.4141,0.85493,3.0288,0,0,0,0,0,0,0,0,0,0,0,0,0,0,0,0,0,0,0,0,0,0
0,0,0,0,0,0,0,-1.4358,0.7576,1.5257,-0.56636,1.4135,0.85614,3.031,0,0,0,0,0,0,0,0,0,0,0,0,0,0,0,0,0,0,0,0,0,0
0,0,0,0,0,0,0,-1.4385,0.75834,1.5267,-0.56771,1.4128,0.85734,3.0333,0,0,0,0,0,0,0,0,0,0,0,0,0,0,0,0,0,0,0,0,0,0
0,0,0,0,0,0,0,-1.4412,0.75907,1.5276,-0.56904,1.4122,0.85851,3.0355,0,0,0,0,0,0,0,0,0,0,0,0,0,0,0,0,0,0,0,0,0,0
0,0,0,0,0,0,0,-1.4439,0.75978,1.5285,-0.57034,1.4116,0.85967,3.0378,0,0,0,0,0,0,0,0,0,0,0,0,0,0,0,0,0,0,0,0,0,0
0,0,0,0,0,0,0,-1.4466,0.76047,1.5295,-0.57161,1.411,0.86081,3.04,0,0,0,0,0,0,0,0,0,0,0,0,0,0,0,0,0,0,0,0,0,0
0,0,0,0,0,0,0,-1.4493,0.76114,1.5304,-0.57285,1.4104,0.86193,3.0423,0,0,0,0,0,0,0,0,0,0,0,0,0,0,0,0,0,0,0,0,0,0
0,0,0,0,0,0,0,-1.4521,0.76181,1.5314,-0.57406,1.4099,0.86303,3.0445,0,0,0,0,0,0,0,0,0,0,0,0,0,0,0,0,0,0,0,0,0,0
0,0,0,0,0,0,0,-1.4548,0.76245,1.5323,-0.57524,1.4093,0.86412,3.0468,0,0,0,0,0,0,0,0,0,0,0,0,0,0,0,0,0,0,0,0,0,0
0,0,0,0,0,0,0,-1.4575,0.76308,1.5333,-0.57639,1.4088,0.86519,3.049,0,0,0,0,0,0,0,0,0,0,0,0,0,0,0,0,0,0,0,0,0,0
0,0,0,0,0,0,0,-1.4602,0.76369,1.5342,-0.57752,1.4083,0.86624,3.0513,0,0,0,0,0,0,0,0,0,0,0,0,0,0,0,0,0,0,0,0,0,0
0,0,0,0,0,0,0,-1.463,0.76429,1.5351,-0.57861,1.4077,0.86728,3.0535,0,0,0,0,0,0,0,0,0,0,0,0,0,0,0,0,0,0,0,0,0,0
0,0,0,0,0,0,0,-1.4657,0.76487,1.5361,-0.57968,1.4072,0.8683,3.0558,0,0,0,0,0,0,0,0,0,0,0,0,0,0,0,0,0,0,0,0,0,0
0,0,0,0,0,0,0,-1.4685,0.76544,1.537,-0.58071,1.4067,0.8693,3.058,0,0,0,0,0,0,0,0,0,0,0,0,0,0,0,0,0,0,0,0,0,0
0,0,0,0,0,0,0,-1.4712,0.76599,1.538,-0.58172,1.4063,0.87029,3.0603,0,0,0,0,0,0,0,0,0,0,0,0,0,0,0,0,0,0,0,0,0,0
0,0,0,0,0,0,0,-1.474,0.76653,1.5389,-0.5827,1.4058,0.87127,3.0625,0,0,0,0,0,0,0,0,0,0,0,0,0,0,0,0,0,0,0,0,0,0
0,0,0,0,0,0,0,-1.4767,0.76705,1.5399,-0.58365,1.4054,0.87222,3.0648,0,0,0,0,0,0,0,0,0,0,0,0,0,0,0,0,0,0,0,0,0,0
0,0,0,0,0,0,0,-1.4794,0.76755,1.5408,-0.58457,1.4049,0.87317,3.067,0,0,0,0,0,0,0,0,0,0,0,0,0,0,0,0,0,0,0,0,0,0
0,0,0,0,0,0,0,-1.4822,0.76804,1.5417,-0.58547,1.4045,0.8741,3.0693,0,0,0,0,0,0,0,0,0,0,0,0,0,0,0,0,0,0,0,0,0,0
0,0,0,0,0,0,0,-1.485,0.76851,1.5427,-0.58633,1.4041,0.87501,3.0715,0,0,0,0,0,0,0,0,0,0,0,0,0,0,0,0,0,0,0,0,0,0
0,0,0,0,0,0,0,-1.4877,0.76897,1.5436,-0.58717,1.4037,0.87591,3.0738,0,0,0,0,0,0,0,0,0,0,0,0,0,0,0,0,0,0,0,0,0,0
0,0,0,0,0,0,0,-1.4905,0.76942,1.5446,-0.58798,1.4033,0.8768,3.076,0,0,0,0,0,0,0,0,0,0,0,0,0,0,0,0,0,0,0,0,0,0
0,0,0,0,0,0,0,-1.4932,0.76984,1.5455,-0.58876,1.403,0.87767,3.0783,0,0,0,0,0,0,0,0,0,0,0,0,0,0,0,0,0,0,0,0,0,0
0,0,0,0,0,0,0,-1.496,0.77026,1.5465,-0.58951,1.4026,0.87853,3.0805,0,0,0,0,0,0,0,0,0,0,0,0,0,0,0,0,0,0,0,0,0,0
0,0,0,0,0,0,0,-1.4988,0.77065,1.5474,-0.59024,1.4023,0.87938,3.0828,0,0,0,0,0,0,0,0,0,0,0,0,0,0,0,0,0,0,0,0,0,0
0,0,0,0,0,0,0,-1.5015,0.77104,1.5484,-0.59094,1.402,0.88021,3.085,0,0,0,0,0,0,0,0,0,0,0,0,0,0,0,0,0,0,0,0,0,0
0,0,0,0,0,0,0,-1.5043,0.7714,1.5493,-0.59161,1.4017,0.88103,3.0873,0,0,0,0,0,0,0,0,0,0,0,0,0,0,0,0,0,0,0,0,0,0
0,0,0,0,0,0,0,-1.5071,0.77175,1.5502,-0.59225,1.4014,0.88184,3.0895,0,0,0,0,0,0,0,0,0,0,0,0,0,0,0,0,0,0,0,0,0,0
0,0,0,0,0,0,0,-1.5099,0.77209,1.5512,-0.59286,1.4011,0.88263,3.0918,0,0,0,0,0,0,0,0,0,0,0,0,0,0,0,0,0,0,0,0,0,0
0,0,0,0,0,0,0,-1.5126,0.77241,1.5521,-0.59345,1.4008,0.88342,3.094,0,0,0,0,0,0,0,0,0,0,0,0,0,0,0,0,0,0,0,0,0,0
0,0,0,0,0,0,0,-1.5154,0.77272,1.5531,-0.59401,1.4005,0.88419,3.0963,0,0,0,0,0,0,0,0,0,0,0,0,0,0,0,0,0,0,0,0,0,0
0,0,0,0,0,0,0,-1.5182,0.77301,1.554,-0.59454,1.4003,0.88495,3.0985,0,0,0,0,0,0,0,0,0,0,0,0,0,0,0,0,0,0,0,0,0,0
0,0,0,0,0,0,0,-1.521,0.77329,1.555,-0.59504,1.4,0.88569,3.1008,0,0,0,0,0,0,0,0,0,0,0,0,0,0,0,0,0,0,0,0,0,0
0,0,0,0,0,0,0,-1.5238,0.77355,1.5559,-0.59552,1.3998,0.88643,3.103,0,0,0,0,0,0,0,0,0,0,0,0,0,0,0,0,0,0,0,0,0,0
0,0,0,0,0,0,0,-1.5265,0.77379,1.5569,-0.59597,1.3996,0.88715,3.1053,0,0,0,0,0,0,0,0,0,0,0,0,0,0,0,0,0,0,0,0,0,0
0,0,0,0,0,0,0,-1.5293,0.77402,1.5578,-0.59639,1.3994,0.88786,3.1075,0,0,0,0,0,0,0,0,0,0,0,0,0,0,0,0,0,0,0,0,0,0
0,0,0,0,0,0,0,-1.5321,0.77424,1.5588,-0.59679,1.3992,0.88857,3.1098,0,0,0,0,0,0,0,0,0,0,0,0,0,0,0,0,0,0,0,0,0,0
0,0,0,0,0,0,0,-1.5349,0.77444,1.5597,-0.59715,1.399,0.88925,3.112,0,0,0,0,0,0,0,0,0,0,0,0,0,0,0,0,0,0,0,0,0,0
0,0,0,0,0,0,0,-1.5377,0.77463,1.5607,-0.59749,1.3989,0.88994,3.1143,0,0,0,0,0,0,0,0,0,0,0,0,0,0,0,0,0,0,0,0,0,0
0,0,0,0,0,0,0,-1.5405,0.7748,1.5616,-0.59781,1.3987,0.8906,3.1165,0,0,0,0,0,0,0,0,0,0,0,0,0,0,0,0,0,0,0,0,0,0
0,0,0,0,0,0,0,-1.5433,0.77496,1.5626,-0.59809,1.3986,0.89126,3.1188,0,0,0,0,0,0,0,0,0,0,0,0,0,0,0,0,0,0,0,0,0,0
0,0,0,0,0,0,0,-1.5461,0.7751,1.5635,-0.59835,1.3985,0.8919,3.121,0,0,0,0,0,0,0,0,0,0,0,0,0,0,0,0,0,0,0,0,0,0
0,0,0,0,0,0,0,-1.5489,0.77522,1.5645,-0.59858,1.3984,0.89255,3.1233,0,0,0,0,0,0,0,0,0,0,0,0,0,0,0,0,0,0,0,0,0,0
0,0,0,0,0,0,0,-1.5516,0.77534,1.5654,-0.59878,1.3983,0.89317,3.1255,0,0,0,0,0,0,0,0,0,0,0,0,0,0,0,0,0,0,0,0,0,0
0,0,0,0,0,0,0,-1.5544,0.77543,1.5663,-0.59896,1.3982,0.89379,3.1278,0,0,0,0,0,0,0,0,0,0,0,0,0,0,0,0,0,0,0,0,0,0
0,0,0,0,0,0,0,-1.5572,0.77551,1.5673,-0.59911,1.3981,0.89439,3.13,0,0,0,0,0,0,0,0,0,0,0,0,0,0,0,0,0,0,0,0,0,0
0,0,0,0,0,0,0,-1.56,0.77558,1.5682,-0.59923,1.3981,0.89498,3.1323,0,0,0,0,0,0,0,0,0,0,0,0,0,0,0,0,0,0,0,0,0,0
0,0,0,0,0,0,0,-1.5628,0.77563,1.5692,-0.59933,1.398,0.89556,3.1345,0,0,0,0,0,0,0,0,0,0,0,0,0,0,0,0,0,0,0,0,0,0
0,0,0,0,0,0,0,-1.5656,0.77567,1.5701,-0.5994,1.398,0.89617,3.1368,0,0,0,0,0,0,0,0,0,0,0,0,0,0,0,0,0,0,0,0,0,0
0,0,0,0,0,0,0,-1.5684,0.77569,-4.7121,-0.59944,1.398,0.89667,3.139,0,0,0,0,0,0,0,0,0,0,0,0,0,0,0,0,0,0,0,0,0,0
0,0,0,0,0,0,0,-1.5712,0.7757,-4.7111,-0.59945,1.398,0.89727,3.1413,0,0,0,0,0,0,0,0,0,0,0,0,0,0,0,0,0,0,0,0,0,0
0,0,0,0,0,0,0,-1.5712,0.77466,-4.7111,-0.60216,1.3942,0.89647,3.1413,0,0,0,0,0,0,0,0,0,0,0,0,0,0,0,0,0,0,0,0,0,0
0,0,0,0,0,0,0,-1.5712,0.7736,-4.7111,-0.60484,1.3905,0.89565,3.1413,0,0,0,0,0,0,0,0,0,0,0,0,0,0,0,0,0,0,0,0,0,0
0,0,0,0,0,0,0,-1.5712,0.77253,-4.7111,-0.60748,1.3868,0.89483,3.1413,0,0,0,0,0,0,0,0,0,0,0,0,0,0,0,0,0,0,0,0,0,0
0,0,0,0,0,0,0,-1.5712,0.77143,-4.7112,-0.61008,1.3831,0.89399,3.1413,0,0,0,0,0,0,0,0,0,0,0,0,0,0,0,0,0,0,0,0,0,0
0,0,0,0,0,0,0,-1.5712,0.77032,-4.7112,-0.61266,1.3794,0.89311,3.1413,0,0,0,0,0,0,0,0,0,0,0,0,0,0,0,0,0,0,0,0,0,0
0,0,0,0,0,0,0,-1.5712,0.76919,-4.7112,-0.6152,1.3757,0.89226,3.1413,0,0,0,0,0,0,0,0,0,0,0,0,0,0,0,0,0,0,0,0,0,0
0,0,0,0,0,0,0,-1.5712,0.76804,-4.7112,-0.61771,1.3721,0.89135,3.1413,0,0,0,0,0,0,0,0,0,0,0,0,0,0,0,0,0,0,0,0,0,0
0,0,0,0,0,0,0,-1.5712,0.76687,-4.7112,-0.62019,1.3684,0.89042,3.1412,0,0,0,0,0,0,0,0,0,0,0,0,0,0,0,0,0,0,0,0,0,0
0,0,0,0,0,0,0,-1.5712,0.76568,-4.7112,-0.62263,1.3648,0.88954,3.1412,0,0,0,0,0,0,0,0,0,0,0,0,0,0,0,0,0,0,0,0,0,0
0,0,0,0,0,0,0,-1.5712,0.76447,-4.7112,-0.62505,1.3612,0.88858,3.1412,0,0,0,0,0,0,0,0,0,0,0,0,0,0,0,0,0,0,0,0,0,0
0,0,0,0,0,0,0,-1.5712,0.76325,-4.7112,-0.62743,1.3576,0.88764,3.1412,0,0,0,0,0,0,0,0,0,0,0,0,0,0,0,0,0,0,0,0,0,0
0,0,0,0,0,0,0,-1.5712,0.76201,-4.7112,-0.62978,1.354,0.88669,3.1412,0,0,0,0,0,0,0,0,0,0,0,0,0,0,0,0,0,0,0,0,0,0
0,0,0,0,0,0,0,-1.5712,0.76075,-4.7112,-0.63209,1.3504,0.88572,3.1412,0,0,0,0,0,0,0,0,0,0,0,0,0,0,0,0,0,0,0,0,0,0
0,0,0,0,0,0,0,-1.5712,0.75947,-4.7112,-0.63438,1.3468,0.88472,3.1412,0,0,0,0,0,0,0,0,0,0,0,0,0,0,0,0,0,0,0,0,0,0
0,0,0,0,0,0,0,-1.5712,0.75817,-4.7112,-0.63664,1.3433,0.88375,3.1412,0,0,0,0,0,0,0,0,0,0,0,0,0,0,0,0,0,0,0,0,0,0
0,0,0,0,0,0,0,-1.5712,0.75686,-4.7112,-0.63886,1.3397,0.8827,3.1412,0,0,0,0,0,0,0,0,0,0,0,0,0,0,0,0,0,0,0,0,0,0
0,0,0,0,0,0,0,-1.5712,0.75553,-4.7112,-0.64106,1.3362,0.8817,3.1412,0,0,0,0,0,0,0,0,0,0,0,0,0,0,0,0,0,0,0,0,0,0
0,0,0,0,0,0,0,-1.5712,0.75419,-4.7112,-0.64322,1.3327,0.88066,3.1412,0,0,0,0,0,0,0,0,0,0,0,0,0,0,0,0,0,0,0,0,0,0
0,0,0,0,0,0,0,-1.5712,0.75282,-4.7112,-0.64536,1.3292,0.87962,3.1412,0,0,0,0,0,0,0,0,0,0,0,0,0,0,0,0,0,0,0,0,0,0
0,0,0,0,0,0,0,-1.5712,0.75144,-4.7112,-0.64746,1.3257,0.8786,3.1412,0,0,0,0,0,0,0,0,0,0,0,0,0,0,0,0,0,0,0,0,0,0
0,0,0,0,0,0,0,-1.5712,0.75004,-4.7112,-0.64954,1.3222,0.87753,3.1412,0,0,0,0,0,0,0,0,0,0,0,0,0,0,0,0,0,0,0,0,0,0
0,0,0,0,0,0,0,-1.5712,0.74863,-4.7112,-0.65158,1.3188,0.87646,3.1412,0,0,0,0,0,0,0,0,0,0,0,0,0,0,0,0,0,0,0,0,0,0
0,0,0,0,0,0,0,-1.5712,0.7472,-4.7112,-0.6536,1.3153,0.87537,3.1412,0,0,0,0,0,0,0,0,0,0,0,0,0,0,0,0,0,0,0,0,0,0
0,0,0,0,0,0,0,-1.5712,0.74575,-4.7112,-0.65558,1.3119,0.87425,3.1412,0,0,0,0,0,0,0,0,0,0,0,0,0,0,0,0,0,0,0,0,0,0
0,0,0,0,0,0,0,-1.5712,0.74429,-4.7112,-0.65754,1.3085,0.87319,3.1412,0,0,0,0,0,0,0,0,0,0,0,0,0,0,0,0,0,0,0,0,0,0
0,0,0,0,0,0,0,-1.5712,0.74281,-4.7112,-0.65946,1.3051,0.87209,3.1412,0,0,0,0,0,0,0,0,0,0,0,0,0,0,0,0,0,0,0,0,0,0
0,0,0,0,0,0,0,-1.5712,0.74131,-4.7112,-0.66136,1.3017,0.87095,3.1412,0,0,0,0,0,0,0,0,0,0,0,0,0,0,0,0,0,0,0,0,0,0
0,0,0,0,0,0,0,-1.5712,0.7398,-4.7112,-0.66323,1.2983,0.86983,3.1412,0,0,0,0,0,0,0,0,0,0,0,0,0,0,0,0,0,0,0,0,0,0
0,0,0,0,0,0,0,-1.5712,0.73827,-4.7112,-0.66507,1.2949,0.86873,3.1412,0,0,0,0,0,0,0,0,0,0,0,0,0,0,0,0,0,0,0,0,0,0
0,0,0,0,0,0,0,-1.5712,0.73672,-4.7112,-0.66689,1.2916,0.86756,3.1412,0,0,0,0,0,0,0,0,0,0,0,0,0,0,0,0,0,0,0,0,0,0
0,0,0,0,0,0,0,-1.5712,0.73516,-4.7112,-0.66867,1.2882,0.86647,3.1412,0,0,0,0,0,0,0,0,0,0,0,0,0,0,0,0,0,0,0,0,0,0
0,0,0,0,0,0,0,-1.5712,0.73359,-4.7112,-0.67043,1.2849,0.86527,3.1412,0,0,0,0,0,0,0,0,0,0,0,0,0,0,0,0,0,0,0,0,0,0
0,0,0,0,0,0,0,-1.5712,0.732,-4.7112,-0.67216,1.2816,0.86413,3.1412,0,0,0,0,0,0,0,0,0,0,0,0,0,0,0,0,0,0,0,0,0,0
0,0,0,0,0,0,0,-1.5712,0.73039,-4.7112,-0.67386,1.2783,0.86298,3.1412,0,0,0,0,0,0,0,0,0,0,0,0,0,0,0,0,0,0,0,0,0,0
0,0,0,0,0,0,0,-1.5712,0.72877,-4.7112,-0.67553,1.275,0.86177,3.1412,0,0,0,0,0,0,0,0,0,0,0,0,0,0,0,0,0,0,0,0,0,0
0,0,0,0,0,0,0,-1.5712,0.72713,-4.7112,-0.67717,1.2717,0.8606,3.1412,0,0,0,0,0,0,0,0,0,0,0,0,0,0,0,0,0,0,0,0,0,0
0,0,0,0,0,0,0,-1.5712,0.72547,-4.7112,-0.67879,1.2684,0.8594,3.1412,0,0,0,0,0,0,0,0,0,0,0,0,0,0,0,0,0,0,0,0,0,0
0,0,0,0,0,0,0,-1.5712,0.72381,-4.7112,-0.68038,1.2652,0.85825,3.1412,0,0,0,0,0,0,0,0,0,0,0,0,0,0,0,0,0,0,0,0,0,0
0,0,0,0,0,0,0,-1.5712,0.72212,-4.7112,-0.68194,1.2619,0.85699,3.1412,0,0,0,0,0,0,0,0,0,0,0,0,0,0,0,0,0,0,0,0,0,0
0,0,0,0,0,0,0,-1.5712,0.72042,-4.7112,-0.68348,1.2587,0.85583,3.1412,0,0,0,0,0,0,0,0,0,0,0,0,0,0,0,0,0,0,0,0,0,0
0,0,0,0,0,0,0,-1.5712,0.71871,-4.7112,-0.68498,1.2555,0.8546,3.1412,0,0,0,0,0,0,0,0,0,0,0,0,0,0,0,0,0,0,0,0,0,0
0,0,0,0,0,0,0,-1.5712,0.71698,-4.7112,-0.68646,1.2523,0.85337,3.1412,0,0,0,0,0,0,0,0,0,0,0,0,0,0,0,0,0,0,0,0,0,0
0,0,0,0,0,0,0,-1.5712,0.71524,-4.7112,-0.68792,1.249,0.85214,3.1412,0,0,0,0,0,0,0,0,0,0,0,0,0,0,0,0,0,0,0,0,0,0
0,0,0,0,0,0,0,-1.5712,0.71348,-4.7112,-0.68934,1.2459,0.85095,3.1412,0,0,0,0,0,0,0,0,0,0,0,0,0,0,0,0,0,0,0,0,0,0
0,0,0,0,0,0,0,-1.5712,0.7117,-4.7112,-0.69074,1.2427,0.84969,3.1412,0,0,0,0,0,0,0,0,0,0,0,0,0,0,0,0,0,0,0,0,0,0
0,0,0,0,0,0,0,-1.5712,0.70991,-4.7112,-0.69212,1.2395,0.84847,3.1412,0,0,0,0,0,0,0,0,0,0,0,0,0,0,0,0,0,0,0,0,0,0
0,0,0,0,0,0,0,-1.5712,0.70811,-4.7112,-0.69346,1.2364,0.8472,3.1412,0,0,0,0,0,0,0,0,0,0,0,0,0,0,0,0,0,0,0,0,0,0
0,0,0,0,0,0,0,-1.5712,0.7063,-4.7112,-0.69478,1.2332,0.84596,3.1412,0,0,0,0,0,0,0,0,0,0,0,0,0,0,0,0,0,0,0,0,0,0
0,0,0,0,0,0,0,-1.5712,0.70446,-4.7112,-0.69608,1.2301,0.84472,3.1412,0,0,0,0,0,0,0,0,0,0,0,0,0,0,0,0,0,0,0,0,0,0
0,0,0,0,0,0,0,-1.5712,0.70262,-4.7112,-0.69734,1.227,0.84345,3.1412,0,0,0,0,0,0,0,0,0,0,0,0,0,0,0,0,0,0,0,0,0,0
0,0,0,0,0,0,0,-1.5712,0.70076,-4.7112,-0.69858,1.2239,0.84215,3.1412,0,0,0,0,0,0,0,0,0,0,0,0,0,0,0,0,0,0,0,0,0,0
0,0,0,0,0,0,0,-1.5712,0.69888,-4.7112,-0.6998,1.2208,0.84093,3.1412,0,0,0,0,0,0,0,0,0,0,0,0,0,0,0,0,0,0,0,0,0,0
0,0,0,0,0,0,0,-1.5712,0.697,-4.7112,-0.70099,1.2177,0.83962,3.1412,0,0,0,0,0,0,0,0,0,0,0,0,0,0,0,0,0,0,0,0,0,0
0,0,0,0,0,0,0,-1.5712,0.69509,-4.7112,-0.70215,1.2147,0.83835,3.1412,0,0,0,0,0,0,0,0,0,0,0,0,0,0,0,0,0,0,0,0,0,0
0,0,0,0,0,0,0,-1.5712,0.69318,-4.7112,-0.70329,1.2116,0.83706,3.1412,0,0,0,0,0,0,0,0,0,0,0,0,0,0,0,0,0,0,0,0,0,0
0,0,0,0,0,0,0,-1.5712,0.69125,-4.7112,-0.70439,1.2086,0.83577,3.1412,0,0,0,0,0,0,0,0,0,0,0,0,0,0,0,0,0,0,0,0,0,0
0,0,0,0,0,0,0,-1.5712,0.6893,-4.7112,-0.70548,1.2056,0.83446,3.1412,0,0,0,0,0,0,0,0,0,0,0,0,0,0,0,0,0,0,0,0,0,0
0,0,0,0,0,0,0,-1.5712,0.68734,-4.7112,-0.70654,1.2025,0.83319,3.1412,0,0,0,0,0,0,0,0,0,0,0,0,0,0,0,0,0,0,0,0,0,0
0,0,0,0,0,0,0,-1.5712,0.68537,-4.7112,-0.70757,1.1995,0.8319,3.1412,0,0,0,0,0,0,0,0,0,0,0,0,0,0,0,0,0,0,0,0,0,0
0,0,0,0,0,0,0,-1.5712,0.68339,-4.7112,-0.70858,1.1965,0.83058,3.1412,0,0,0,0,0,0,0,0,0,0,0,0,0,0,0,0,0,0,0,0,0,0
0,0,0,0,0,0,0,-1.5712,0.68139,-4.7112,-0.70956,1.1936,0.8293,3.1412,0,0,0,0,0,0,0,0,0,0,0,0,0,0,0,0,0,0,0,0,0,0
0,0,0,0,0,0,0,-1.5712,0.67937,-4.7113,-0.71052,1.1906,0.82794,3.1412,0,0,0,0,0,0,0,0,0,0,0,0,0,0,0,0,0,0,0,0,0,0
0,0,0,0,0,0,0,-1.5712,0.67735,-4.7113,-0.71145,1.1876,0.82664,3.1412,0,0,0,0,0,0,0,0,0,0,0,0,0,0,0,0,0,0,0,0,0,0
0,0,0,0,0,0,0,-1.5712,0.67531,-4.7113,-0.71235,1.1847,0.82533,3.1412,0,0,0,0,0,0,0,0,0,0,0,0,0,0,0,0,0,0,0,0,0,0
0,0,0,0,0,0,0,-1.5712,0.67325,-4.7113,-0.71323,1.1818,0.82398,3.1412,0,0,0,0,0,0,0,0,0,0,0,0,0,0,0,0,0,0,0,0,0,0
0,0,0,0,0,0,0,-1.5712,0.67119,-4.7113,-0.71409,1.1788,0.82267,3.1412,0,0,0,0,0,0,0,0,0,0,0,0,0,0,0,0,0,0,0,0,0,0
0,0,0,0,0,0,0,-1.5712,0.6691,-4.7113,-0.71492,1.1759,0.82134,3.1412,0,0,0,0,0,0,0,0,0,0,0,0,0,0,0,0,0,0,0,0,0,0
0,0,0,0,0,0,0,-1.5712,0.66701,-4.7113,-0.71572,1.173,0.82001,3.1412,0,0,0,0,0,0,0,0,0,0,0,0,0,0,0,0,0,0,0,0,0,0
0,0,0,0,0,0,0,-1.5712,0.6649,-4.7113,-0.7165,1.1701,0.81865,3.1412,0,0,0,0,0,0,0,0,0,0,0,0,0,0,0,0,0,0,0,0,0,0
0,0,0,0,0,0,0,-1.5712,0.66278,-4.7113,-0.71725,1.1673,0.81729,3.1412,0,0,0,0,0,0,0,0,0,0,0,0,0,0,0,0,0,0,0,0,0,0
0,0,0,0,0,0,0,-1.5712,0.66065,-4.7113,-0.71798,1.1644,0.81597,3.1412,0,0,0,0,0,0,0,0,0,0,0,0,0,0,0,0,0,0,0,0,0,0
0,0,0,0,0,0,0,-1.5712,0.65851,-4.7113,-0.71868,1.1616,0.81462,3.1412,0,0,0,0,0,0,0,0,0,0,0,0,0,0,0,0,0,0,0,0,0,0
0,0,0,0,0,0,0,-1.5712,0.65635,-4.7113,-0.71936,1.1587,0.81326,3.1412,0,0,0,0,0,0,0,0,0,0,0,0,0,0,0,0,0,0,0,0,0,0
0,0,0,0,0,0,0,-1.5712,0.65417,-4.7113,-0.72002,1.1559,0.81189,3.1412,0,0,0,0,0,0,0,0,0,0,0,0,0,0,0,0,0,0,0,0,0,0
0,0,0,0,0,0,0,-1.5712,0.65199,-4.7113,-0.72064,1.1531,0.81055,3.1412,0,0,0,0,0,0,0,0,0,0,0,0,0,0,0,0,0,0,0,0,0,0
0,0,0,0,0,0,0,-1.5712,0.64979,-4.7113,-0.72125,1.1503,0.80917,3.1412,0,0,0,0,0,0,0,0,0,0,0,0,0,0,0,0,0,0,0,0,0,0
0,0,0,0,0,0,0,-1.5712,0.64758,-4.7113,-0.72183,1.1475,0.80781,3.1412,0,0,0,0,0,0,0,0,0,0,0,0,0,0,0,0,0,0,0,0,0,0
0,0,0,0,0,0,0,-1.5712,0.64536,-4.7113,-0.72238,1.1447,0.80642,3.1412,0,0,0,0,0,0,0,0,0,0,0,0,0,0,0,0,0,0,0,0,0,0
0,0,0,0,0,0,0,-1.5712,0.64312,-4.7113,-0.72291,1.142,0.80507,3.1412,0,0,0,0,0,0,0,0,0,0,0,0,0,0,0,0,0,0,0,0,0,0
0,0,0,0,0,0,0,-1.5712,0.64087,-4.7113,-0.72341,1.1392,0.80368,3.1412,0,0,0,0,0,0,0,0,0,0,0,0,0,0,0,0,0,0,0,0,0,0
0,0,0,0,0,0,0,-1.5712,0.63861,-4.7113,-0.72389,1.1364,0.80231,3.1412,0,0,0,0,0,0,0,0,0,0,0,0,0,0,0,0,0,0,0,0,0,0
0,0,0,0,0,0,0,-1.5712,0.63634,-4.7113,-0.72435,1.1337,0.80091,3.1412,0,0,0,0,0,0,0,0,0,0,0,0,0,0,0,0,0,0,0,0,0,0
0,0,0,0,0,0,0,-1.5712,0.63405,-4.7113,-0.72478,1.131,0.79953,3.1412,0,0,0,0,0,0,0,0,0,0,0,0,0,0,0,0,0,0,0,0,0,0
0,0,0,0,0,0,0,-1.5712,0.63175,-4.7113,-0.72518,1.1283,0.79815,3.1412,0,0,0,0,0,0,0,0,0,0,0,0,0,0,0,0,0,0,0,0,0,0
0,0,0,0,0,0,0,-1.5712,0.62944,-4.7113,-0.72556,1.1256,0.79674,3.1412,0,0,0,0,0,0,0,0,0,0,0,0,0,0,0,0,0,0,0,0,0,0
0,0,0,0,0,0,0,-1.5712,0.62711,-4.7113,-0.72592,1.1229,0.79535,3.1412,0,0,0,0,0,0,0,0,0,0,0,0,0,0,0,0,0,0,0,0,0,0
0,0,0,0,0,0,0,-1.5712,0.62478,-4.7113,-0.72625,1.1203,0.79393,3.1412,0,0,0,0,0,0,0,0,0,0,0,0,0,0,0,0,0,0,0,0,0,0
0,0,0,0,0,0,0,-1.5712,0.62243,-4.7113,-0.72656,1.1176,0.79255,3.1412,0,0,0,0,0,0,0,0,0,0,0,0,0,0,0,0,0,0,0,0,0,0
0,0,0,0,0,0,0,-1.5712,0.62007,-4.7113,-0.72684,1.115,0.79112,3.1412,0,0,0,0,0,0,0,0,0,0,0,0,0,0,0,0,0,0,0,0,0,0
0,0,0,0,0,0,0,-1.5712,0.6177,-4.7113,-0.7271,1.1123,0.7897,3.1412,0,0,0,0,0,0,0,0,0,0,0,0,0,0,0,0,0,0,0,0,0,0
0,0,0,0,0,0,0,-1.5712,0.61531,-4.7113,-0.72733,1.1097,0.78832,3.1412,0,0,0,0,0,0,0,0,0,0,0,0,0,0,0,0,0,0,0,0,0,0
0,0,0,0,0,0,0,-1.5712,0.61291,-4.7113,-0.72754,1.1071,0.78689,3.1412,0,0,0,0,0,0,0,0,0,0,0,0,0,0,0,0,0,0,0,0,0,0
0,0,0,0,0,0,0,-1.5712,0.6105,-4.7113,-0.72772,1.1045,0.78543,3.1412,0,0,0,0,0,0,0,0,0,0,0,0,0,0,0,0,0,0,0,0,0,0
0,0,0,0,0,0,0,-1.5712,0.60808,-4.7113,-0.72788,1.1019,0.78404,3.1412,0,0,0,0,0,0,0,0,0,0,0,0,0,0,0,0,0,0,0,0,0,0
0,0,0,0,0,0,0,-1.5712,0.60565,-4.7113,-0.72802,1.0994,0.78263,3.1412,0,0,0,0,0,0,0,0,0,0,0,0,0,0,0,0,0,0,0,0,0,0
0,0,0,0,0,0,0,-1.5712,0.6032,-4.7113,-0.72813,1.0968,0.78119,3.1412,0,0,0,0,0,0,0,0,0,0,0,0,0,0,0,0,0,0,0,0,0,0
0,0,0,0,0,0,0,-1.5712,0.60074,-4.7113,-0.72821,1.0943,0.77975,3.1412,0,0,0,0,0,0,0,0,0,0,0,0,0,0,0,0,0,0,0,0,0,0
0,0,0,0,0,0,0,-1.5712,0.59827,-4.7113,-0.72827,1.0917,0.77836,3.1412,0,0,0,0,0,0,0,0,0,0,0,0,0,0,0,0,0,0,0,0,0,0
0,0,0,0,0,0,0,-1.5712,0.59579,-4.7113,-0.72831,1.0892,0.77686,3.1412,0,0,0,0,0,0,0,0,0,0,0,0,0,0,0,0,0,0,0,0,0,0
0,0,0,0,0,0,0,-1.5712,0.5933,-4.7113,-0.72832,1.0867,0.77545,3.1412,0,0,0,0,0,0,0,0,0,0,0,0,0,0,0,0,0,0,0,0,0,0
