0,0.0351948,0.101782,-0.00866779,0.00929109,-0.12794,-0.0225349,-0.220756,0.0915101,0.0674557,-0.0801528,-0.0063761,-0.0258398,0.0328647,-0.252131,-0.0910414,-0.72225,-0.0799522,0.768542,-0.0420332,-0.130483,0.0709563,0.30622,0.295574,0.304774,0.335872,0.153017,0.305087,0.315028,0.27334,0.335905,0,0,0,
0,0.0349423,0.10213,-0.00884436,0.0100883,-0.129424,-0.0217098,-0.221176,0.0916961,0.0678325,-0.0800162,-0.00762115,-0.0253435,0.0328028,-0.253117,-0.0906489,-0.719869,-0.0805619,0.765613,-0.0414453,-0.129989,0.0709089,0.306263,0.295648,0.304762,0.335907,0.153115,0.305337,0.315003,0.273307,0.335794,0,0,0,
0,0.0351376,0.102217,-0.00895744,0.0102654,-0.129795,-0.0212323,-0.221406,0.0921953,0.0698203,-0.0796118,-0.00902719,-0.0249655,0.0324585,-0.253326,-0.0905026,-0.718967,-0.0812537,0.764123,-0.04068,-0.129443,0.0707389,0.306268,0.295468,0.304583,0.335864,0.1532,0.305671,0.314904,0.27318,0.33573,0,0,0,
0,0.034913,0.102396,-0.00891831,0.0102412,-0.129932,-0.021187,-0.221519,0.0923083,0.0698292,-0.0794995,-0.00950359,-0.0249819,0.0325013,-0.253443,-0.0904392,-0.718238,-0.0813899,0.763071,-0.0403639,-0.129376,0.0706568,0.306228,0.295439,0.304578,0.335876,0.153179,0.305857,0.314856,0.273151,0.335678,0,0,0,
0,0.0339287,0.102615,-0.00866085,0.0108955,-0.130097,-0.0211434,-0.221554,0.0925245,0.0679454,-0.0795108,-0.00911397,-0.025285,0.0326914,-0.253739,-0.0901973,-0.719251,-0.0814356,0.762957,-0.039741,-0.130312,0.0706941,0.306213,0.295454,0.30457,0.335922,0.152989,0.306098,0.314892,0.273275,0.335914,0,0,0,
0,0.0341032,0.102827,-0.00858466,0.0105612,-0.130371,-0.0211146,-0.221997,0.0926349,0.0695199,-0.0800108,-0.00894014,-0.0257963,0.0331737,-0.254174,-0.090345,-0.719735,-0.081195,0.76395,-0.0398035,-0.131106,0.0705038,0.306356,0.295644,0.304651,0.336075,0.152931,0.306213,0.314941,0.27327,0.336054,0,0,0,
0,0.0335741,0.103003,-0.00842203,0.0107757,-0.130466,-0.0211523,-0.222326,0.092663,0.0694375,-0.0800248,-0.00905357,-0.025936,0.0335034,-0.254322,-0.0904498,-0.720867,-0.0812616,0.764344,-0.0397316,-0.131225,0.0704415,0.306397,0.295806,0.304859,0.336088,0.152885,0.306241,0.31498,0.273284,0.336109,0,0,0,
0,0.0337496,0.103656,-0.00858125,0.0103516,-0.131355,-0.0211181,-0.223635,0.09278,0.0682508,-0.0800254,-0.00830177,-0.0257175,0.0333866,-0.255452,-0.0907014,-0.721364,-0.0813018,0.764799,-0.0394425,-0.131702,0.0702237,0.30651,0.296583,0.305563,0.33693,0.152815,0.306402,0.315034,0.273286,0.336174,0,0,0,
0,0.034135,0.102441,-0.00867273,0.0104807,-0.130171,-0.020752,-0.223074,0.0930805,0.0664904,-0.079276,-0.00615752,-0.0253686,0.0334347,-0.254851,-0.0903654,-0.723624,-0.0801741,0.765884,-0.0399707,-0.13163,0.0695131,0.306568,0.297447,0.306454,0.338571,0.152665,0.306693,0.315086,0.273407,0.336533,0,0,0,
0,0.0340234,0.101629,-0.00864982,0.0111268,-0.12925,-0.0209596,-0.222582,0.0931436,0.0659799,-0.0790266,-0.005373,-0.0251206,0.033971,-0.254663,-0.0904351,-0.722695,-0.0803983,0.765296,-0.0404457,-0.131662,0.0689327,0.306519,0.29787,0.307127,0.33946,0.152583,0.30687,0.315186,0.273545,0.336856,0,0,0,
0,0.0336655,0.0999923,-0.0087702,0.0121216,-0.12775,-0.0215762,-0.221415,0.0932201,0.0661904,-0.0788703,-0.00345788,-0.0224768,0.0380097,-0.255454,-0.0908149,-0.723118,-0.0801644,0.765133,-0.0406788,-0.131773,0.0662843,0.306797,0.298996,0.308024,0.340422,0.152708,0.307182,0.31559,0.273954,0.337659,0,0,0,
0,0.0332014,0.0987377,-0.00905097,0.0121085,-0.127273,-0.0218137,-0.220996,0.0929688,0.066869,-0.0788408,-0.000154645,-0.0177292,0.0448885,-0.255489,-0.0909999,-0.723885,-0.0798405,0.764842,-0.0410873,-0.131872,0.0604257,0.308498,0.300931,0.309422,0.341856,0.152811,0.307486,0.31585,0.274324,0.3382,0,0,0,
0,0.0327028,0.0970392,-0.0103636,0.0121833,-0.130814,-0.0220249,-0.22118,0.0923474,0.0634254,-0.078751,0.010346,-0.0094096,0.0584765,-0.257607,-0.0922741,-0.719751,-0.0795536,0.761372,-0.0402564,-0.131215,0.0499113,0.311319,0.303813,0.311062,0.34235,0.152848,0.307893,0.31632,0.275042,0.339056,0,0,0,
0,0.03206,0.0961534,-0.0120976,0.0131529,-0.137938,-0.0226139,-0.223693,0.0910058,0.0542501,-0.0787063,0.0262578,-0.00110517,0.072992,-0.260422,-0.09376,-0.717748,-0.0786771,0.75859,-0.0400483,-0.132499,0.0413902,0.315573,0.307788,0.312284,0.34373,0.152916,0.308418,0.317021,0.276734,0.340351,0,0,0,
0,0.0328249,0.0970375,-0.0130869,0.0139418,-0.14358,-0.022607,-0.225475,0.090915,0.0470802,-0.0793965,0.0350754,0.00125626,0.0783115,-0.261712,-0.0943568,-0.712117,-0.0780994,0.75576,-0.0421388,-0.134923,0.0385597,0.317229,0.308998,0.31282,0.344353,0.153175,0.309094,0.317687,0.278057,0.34162,0,0,0,
0,0.0350685,0.0994276,-0.0149148,0.0174207,-0.15444,-0.0221238,-0.228401,0.0929718,0.0310376,-0.0814561,0.0513125,0.00409036,0.0879116,-0.26148,-0.0955714,-0.678945,-0.0769788,0.744465,-0.0525347,-0.141473,0.0351979,0.320398,0.311803,0.314429,0.345598,0.154639,0.312475,0.319992,0.282572,0.345714,0,0,0,
0,0.0398779,0.102904,-0.017815,0.0193444,-0.167666,-0.0221099,-0.232348,0.0967624,0.0302752,-0.0846511,0.0607957,0.00592611,0.0920224,-0.26009,-0.103582,-0.57466,-0.083665,0.689406,-0.0678273,-0.148086,0.0342031,0.322624,0.313749,0.316072,0.346789,0.15644,0.317399,0.323526,0.291128,0.352697,0,0,0,
0,0.0414661,0.104682,-0.0193278,0.0215064,-0.174306,-0.0215351,-0.232811,0.100305,0.0397289,-0.0856845,0.0564862,0.0072103,0.0927288,-0.260023,-0.10881,-0.522708,-0.0894848,0.649037,-0.0720504,-0.150155,0.0339438,0.323353,0.314547,0.316877,0.347475,0.15746,0.320031,0.325219,0.296653,0.357328,0,0,0,
0,0.0463206,0.109049,-0.0227571,0.0268358,-0.18824,-0.0201122,-0.233303,0.106833,0.0484021,-0.0854326,0.0478804,0.0122444,0.093858,-0.263784,-0.118224,-0.445751,-0.0987082,0.578551,-0.0756989,-0.154958,0.0329629,0.324797,0.316025,0.318577,0.348826,0.159551,0.324884,0.328909,0.30726,0.366064,0,0,0,
0,0.0522853,0.115781,-0.0260672,0.0341966,-0.20376,-0.0182907,-0.233057,0.113212,0.0664659,-0.0847592,0.0325373,0.0156431,0.0946884,-0.271329,-0.125426,-0.392535,-0.103762,0.527946,-0.0757792,-0.158739,0.0324143,0.325693,0.317046,0.320191,0.34957,0.164436,0.330318,0.333085,0.317935,0.374257,0,0,0,
0,0.0548019,0.119503,-0.0280105,0.0378662,-0.21206,-0.0176966,-0.233317,0.116158,0.067049,-0.0836465,0.0275433,0.0159134,0.0951996,-0.275813,-0.127522,-0.372975,-0.104588,0.507954,-0.0748921,-0.158112,0.0322683,0.326164,0.317732,0.321023,0.349996,0.166085,0.332358,0.334555,0.321851,0.376507,0,0,0,
0,0.0618633,0.127603,-0.0318934,0.0466822,-0.228043,-0.0174939,-0.232801,0.12259,0.0721431,-0.0823779,0.0201713,0.0158822,0.0962619,-0.284946,-0.129854,-0.349763,-0.104675,0.478042,-0.0731018,-0.154501,0.0321182,0.328183,0.32133,0.329821,0.352577,0.168413,0.335809,0.337356,0.32856,0.38087,0,0,0,
0,0.0651812,0.135067,-0.0359504,0.0571656,-0.241456,-0.0187084,-0.232125,0.128641,0.091268,-0.0820441,0.00539203,0.0168916,0.0951119,-0.292337,-0.128054,-0.339071,-0.104422,0.460877,-0.0727138,-0.152341,0.0315123,0.332238,0.332708,0.3806,0.374913,0.170081,0.341177,0.342055,0.335066,0.383897,0,0,0,
0,0.0693054,0.138415,-0.038425,0.0615371,-0.247126,-0.0195858,-0.232023,0.130903,0.101404,-0.081478,-0.00170719,0.0178237,0.0931413,-0.295365,-0.126931,-0.331459,-0.104044,0.455194,-0.0733775,-0.152387,0.0308577,0.333496,0.342477,0.420493,0.420813,0.171082,0.344791,0.350669,0.338694,0.38594,0,0,0,
0,0.075564,0.142717,-0.043179,0.0781967,-0.253612,-0.0220113,-0.23171,0.134101,0.120642,-0.0799195,-0.0202228,0.0180577,0.0914534,-0.299139,-0.124607,-0.330958,-0.104386,0.448728,-0.0765581,-0.152492,0.0295778,0.337012,0.389888,0.533207,0.520169,0.173336,0.353986,0.364547,0.348932,0.390643,0,0,0,
0,0.0777284,0.143771,-0.0455382,0.0958821,-0.254549,-0.0235647,-0.230442,0.136436,0.135175,-0.0802932,-0.032483,0.0177663,0.0909044,-0.300951,-0.122525,-0.323628,-0.104311,0.440733,-0.0789163,-0.153884,0.0288355,0.341167,0.430952,0.574536,0.561098,0.174585,0.358832,0.371704,0.356156,0.395642,0,0,0,
0,0.0844718,0.144649,-0.0506129,0.119186,-0.254341,-0.0235705,-0.22943,0.141008,0.147933,-0.082091,-0.054417,0.0162947,0.0913454,-0.30425,-0.119462,-0.318782,-0.105456,0.428755,-0.0852845,-0.163716,0.0279496,0.364144,0.506585,0.63452,0.609961,0.178519,0.376349,0.398538,0.380071,0.406997,0,0,0,
0,0.0910257,0.145201,-0.0549306,0.134143,-0.253705,-0.0205854,-0.229344,0.145328,0.152118,-0.0852837,-0.0660724,0.0125453,0.098129,-0.307335,-0.117445,-0.31008,-0.105416,0.407851,-0.0955234,-0.181552,0.0304743,0.390555,0.569853,0.684676,0.64374,0.188178,0.414808,0.433524,0.432275,0.430245,0,0,0,
0,0.0932509,0.145445,-0.0568502,0.139095,-0.253878,-0.0177145,-0.229329,0.148612,0.150241,-0.0870041,-0.0688807,0.0111027,0.104582,-0.309244,-0.115942,-0.299584,-0.104453,0.396959,-0.10019,-0.188806,0.0321087,0.412641,0.600722,0.709913,0.657217,0.193003,0.438936,0.471589,0.463933,0.447385,0,0,0,
0,0.101828,0.143016,-0.0612025,0.155143,-0.2531,-0.00758331,-0.23045,0.155465,0.140158,-0.0876776,-0.066245,0.012071,0.114576,-0.312625,-0.115262,-0.276467,-0.105712,0.367977,-0.106871,-0.201316,0.0350752,0.450578,0.65919,0.745754,0.672665,0.200218,0.497398,0.54363,0.525597,0.484502,0,0,0,
0,0.108984,0.138704,-0.0661048,0.158706,-0.250669,0.00156669,-0.232089,0.161917,0.125023,-0.0843353,-0.0512279,0.0162787,0.118755,-0.317148,-0.115292,-0.25436,-0.105987,0.335252,-0.109813,-0.216008,0.0368211,0.489179,0.704175,0.775562,0.682956,0.208301,0.557138,0.605513,0.595015,0.528758,0,0,0,
0,0.111342,0.136584,-0.0676769,0.163552,-0.249208,0.00518788,-0.232831,0.165684,0.113607,-0.0811043,-0.0407219,0.0184307,0.116819,-0.319957,-0.115389,-0.245348,-0.107082,0.323099,-0.108982,-0.220509,0.0367048,0.505648,0.729006,0.786421,0.688754,0.211993,0.584246,0.630913,0.620857,0.554925,0,0,0,
0,0.113906,0.132491,-0.0686723,0.169291,-0.245944,0.00973996,-0.232859,0.171989,0.098737,-0.0744892,-0.0230485,0.0150936,0.112437,-0.32379,-0.11635,-0.236989,-0.111563,0.309586,-0.099066,-0.222017,0.0382285,0.525285,0.754953,0.797444,0.696425,0.216062,0.630101,0.676747,0.682618,0.599685,0,0,0,
0,0.114498,0.127416,-0.0682248,0.176497,-0.240989,0.0126982,-0.229391,0.177875,0.104477,-0.0705728,-0.0155131,-0.00305345,0.120289,-0.329154,-0.117315,-0.238989,-0.114351,0.311482,-0.075712,-0.209223,0.0474297,0.53034,0.75274,0.791099,0.69217,0.211902,0.656451,0.704216,0.716741,0.625733,0,0,0,
0,0.114451,0.124868,-0.067255,0.179992,-0.238157,0.013238,-0.226892,0.180306,0.113979,-0.0707574,-0.0192555,-0.0101531,0.125365,-0.330723,-0.117474,-0.243764,-0.114298,0.315745,-0.0625154,-0.199688,0.0522659,0.520061,0.738899,0.776869,0.674661,0.208392,0.661099,0.709572,0.723137,0.63415,0,0,0,
0,0.114155,0.118682,-0.0639486,0.187333,-0.230633,0.0131039,-0.222011,0.183122,0.127272,-0.0737294,-0.0305128,-0.0152246,0.126826,-0.331101,-0.118269,-0.268393,-0.112097,0.332459,-0.0429183,-0.186066,0.0571171,0.505385,0.701002,0.725992,0.636593,0.203675,0.662672,0.714056,0.727719,0.640904,0,0,0,
0,0.113733,0.115185,-0.0619634,0.191556,-0.225592,0.0127451,-0.219729,0.183994,0.133251,-0.0742366,-0.0378226,-0.0143158,0.123685,-0.329742,-0.118349,-0.284913,-0.11067,0.345013,-0.0361266,-0.180401,0.0570964,0.50001,0.685052,0.710571,0.619959,0.20234,0.662433,0.714461,0.727968,0.641803,0,0,0,
0,0.110459,0.107901,-0.0570106,0.202686,-0.212949,0.0112019,-0.216308,0.184442,0.139048,-0.0746938,-0.0483615,-0.0113307,0.117202,-0.325365,-0.118414,-0.321399,-0.107785,0.376637,-0.0265876,-0.170934,0.0553025,0.486719,0.660754,0.682704,0.597575,0.202131,0.659261,0.71523,0.727214,0.641165,0,0,0,
0,0.107373,0.100827,-0.0524329,0.213711,-0.199366,0.0116571,-0.214579,0.185211,0.140307,-0.0752125,-0.0517034,-0.0118673,0.115247,-0.321228,-0.117788,-0.355049,-0.105026,0.408991,-0.0198292,-0.164465,0.0548032,0.475205,0.640448,0.661783,0.582056,0.204541,0.660671,0.718334,0.727095,0.640504,0,0,0,
0,0.105886,0.0979328,-0.0501284,0.218493,-0.192378,0.0134926,-0.214475,0.185085,0.138125,-0.076119,-0.0490077,-0.0121504,0.114694,-0.319325,-0.117168,-0.368029,-0.103031,0.423282,-0.0178417,-0.161826,0.054543,0.46924,0.632802,0.654665,0.577009,0.205314,0.664071,0.721601,0.727409,0.640393,0,0,0,
0,0.100065,0.0921712,-0.0440629,0.23305,-0.182211,0.0199919,-0.212669,0.185391,0.117673,-0.0761786,-0.0360585,-0.0118022,0.114906,-0.314348,-0.115532,-0.390983,-0.100774,0.441934,-0.0191026,-0.160053,0.0541261,0.459164,0.613745,0.637083,0.567552,0.207377,0.669812,0.726751,0.729536,0.640945,0,0,0,
0,0.0966064,0.0888298,-0.0385983,0.245946,-0.179862,0.0275989,-0.212663,0.186323,0.09566,-0.0778793,-0.01822,-0.0121231,0.11681,-0.310567,-0.118084,-0.391182,-0.104727,0.447428,-0.025669,-0.15963,0.0544565,0.450011,0.596979,0.617914,0.56031,0.210261,0.681976,0.732047,0.732547,0.641669,0,0,0,
0,0.0961081,0.0876032,-0.0360778,0.251312,-0.180473,0.0309129,-0.213746,0.18708,0.0835082,-0.0782021,-0.00795302,-0.0132861,0.118213,-0.309532,-0.120695,-0.383064,-0.109755,0.443548,-0.0288558,-0.159043,0.0552603,0.447614,0.590758,0.61149,0.55822,0.210545,0.688688,0.737142,0.734886,0.642961,0,0,0,
0,0.0924802,0.0855644,-0.0314007,0.256926,-0.186157,0.0359341,-0.214346,0.190225,0.0619073,-0.0812418,0.0178905,-0.0248854,0.122698,-0.309946,-0.129721,-0.377905,-0.12318,0.437121,-0.0402121,-0.156983,0.0588175,0.445136,0.582374,0.603654,0.555293,0.212859,0.698332,0.743488,0.739519,0.64402,0,0,0,
0,0.0889908,0.0855146,-0.0268616,0.260569,-0.195572,0.0361226,-0.216614,0.19596,0.0695461,-0.0901845,0.0349339,-0.0411924,0.128634,-0.313301,-0.14957,-0.371805,-0.151495,0.401177,-0.050455,-0.146018,0.0644995,0.44361,0.575055,0.595666,0.552088,0.217219,0.701069,0.74352,0.738376,0.641683,0,0,0,
0,0.0878572,0.0865851,-0.0251374,0.259116,-0.203052,0.0353181,-0.217942,0.201185,0.0820816,-0.0959376,0.035535,-0.0517262,0.131881,-0.316302,-0.164591,-0.385431,-0.169102,0.379352,-0.0523394,-0.139278,0.0668642,0.441854,0.569471,0.590403,0.549349,0.216683,0.701408,0.742336,0.736503,0.640653,0,0,0,
0,0.0863362,0.0904497,-0.0232652,0.247693,-0.22048,0.0328392,-0.221744,0.216314,0.136704,-0.119403,0.0243798,-0.0766567,0.138608,-0.324728,-0.200388,-0.440901,-0.205202,0.334782,-0.069362,-0.125837,0.0681491,0.438639,0.558085,0.57684,0.543004,0.221737,0.700991,0.739018,0.732246,0.637362,0,0,0,
0,0.0826546,0.0961361,-0.0229781,0.222381,-0.23959,0.0285147,-0.233136,0.242445,0.18485,-0.151744,0.00593405,-0.0961848,0.145679,-0.336456,-0.237464,-0.477976,-0.252496,0.288376,-0.0874966,-0.119531,0.0719662,0.435188,0.5469,0.566388,0.537345,0.225265,0.694345,0.73746,0.730592,0.635995,0,0,0,
0,0.0810962,0.0986247,-0.0235347,0.206338,-0.247011,0.0261078,-0.240613,0.254961,0.193232,-0.168102,0.00170066,-0.106579,0.153896,-0.342705,-0.257085,-0.48406,-0.276804,0.270192,-0.0918652,-0.117492,0.0728676,0.434312,0.544582,0.563327,0.536161,0.224944,0.695121,0.738924,0.731783,0.637037,0,0,0,
0,0.0751956,0.104642,-0.0250265,0.151682,-0.261143,0.0189301,-0.256166,0.286942,0.186983,-0.205378,-0.00238095,-0.12405,0.170096,-0.362698,-0.307083,-0.469484,-0.331882,0.215787,-0.103923,-0.103578,0.0722073,0.43395,0.547323,0.567729,0.536768,0.227457,0.701435,0.743237,0.737575,0.641416,0,0,0,
0,0.0714341,0.109795,-0.0267115,0.0826478,-0.264922,0.0130923,-0.272674,0.325491,0.169797,-0.251268,0.00322833,-0.138719,0.173521,-0.385568,-0.359168,-0.42616,-0.39197,0.131035,-0.10684,-0.0813496,0.0734145,0.434509,0.554803,0.576886,0.538698,0.230175,0.703997,0.748012,0.743411,0.646695,0,0,0,
0,0.0694818,0.112421,-0.0277451,0.0547716,-0.263791,0.0115238,-0.279865,0.344271,0.150178,-0.28472,0.0130481,-0.140416,0.169445,-0.397273,-0.383099,-0.407939,-0.418963,0.0878788,-0.109871,-0.072593,0.0753564,0.43496,0.558083,0.580474,0.539693,0.231214,0.70617,0.75143,0.746248,0.650569,0,0,0,
0,0.0693447,0.116384,-0.0304552,-0.000197991,-0.256341,0.00800678,-0.298687,0.394834,0.128355,-0.343857,0.0454952,-0.156011,0.151537,-0.422789,-0.434672,-0.36411,-0.482471,0.0180176,-0.105378,-0.0447889,0.0732121,0.438011,0.568168,0.594836,0.544277,0.232356,0.709754,0.763544,0.757903,0.667177,0,0,0,
0,0.0698233,0.118573,-0.0322533,-0.0214181,-0.254241,0.00679859,-0.309488,0.419506,0.114763,-0.381842,0.0729579,-0.164213,0.141366,-0.434776,-0.458516,-0.521106,-0.514592,0.0642641,-0.102002,-0.0730786,0.0767844,0.440477,0.574446,0.601731,0.547102,0.231909,0.710935,0.770478,0.768715,0.679663,0,0,0,
0,0.071412,0.122821,-0.0355526,-0.0509077,-0.256032,0.00610842,-0.339622,0.477404,0.0914012,-0.45501,0.117713,-0.170839,0.108751,-0.469468,-0.52061,-0.654877,-0.573564,0.150299,-0.102069,-0.137402,0.0773141,0.448329,0.588224,0.613194,0.554398,0.232867,0.720284,0.785024,0.788326,0.702605,0,0,0,
0,0.0722501,0.126229,-0.0386891,-0.0701972,-0.263211,0.0104136,-0.369865,0.524429,0.133514,-0.518295,0.136072,-0.178147,0.0938754,-0.498911,-0.565762,-0.698816,-0.619305,0.176213,-0.0995504,-0.189267,0.078418,0.462553,0.606737,0.630202,0.562232,0.231845,0.76782,0.805432,0.812407,0.725196,0,0,0,
0,0.0729703,0.127383,-0.0398682,-0.0783001,-0.266774,0.0138492,-0.388186,0.550727,0.169478,-0.553828,0.128166,-0.173574,0.0941836,-0.520535,-0.595388,-0.71313,-0.641713,0.186433,-0.0938798,-0.20332,0.0761158,0.469706,0.615542,0.637276,0.564818,0.231635,0.791439,0.815966,0.825847,0.73518,0,0,0,
0,0.0735003,0.130189,-0.041976,-0.0917504,-0.273672,0.0211374,-0.427005,0.605776,0.23792,-0.602125,0.103752,-0.169806,0.103088,-0.558778,-0.646753,-0.732601,-0.682143,0.195119,-0.0810359,-0.218607,0.0806424,0.485134,0.631422,0.655953,0.572011,0.229031,0.836735,0.835794,0.847194,0.752022,0,0,0,
0,0.0723621,0.13381,-0.0433442,-0.102356,-0.282768,0.0280726,-0.464701,0.656923,0.297551,-0.65456,0.0979173,-0.175244,0.111186,-0.596165,-0.698827,-0.757246,-0.721378,0.198141,-0.0746704,-0.230109,0.0810123,0.506287,0.654672,0.67669,0.582045,0.228757,0.87694,0.857335,0.871787,0.771089,0,0,0,
0,0.0717061,0.135706,-0.0437013,-0.104611,-0.286443,0.0301296,-0.48306,0.682156,0.332515,-0.681097,0.102239,-0.180312,0.110882,-0.614348,-0.723597,-0.766702,-0.743081,0.194681,-0.0722325,-0.235199,0.0819173,0.516264,0.666192,0.685429,0.583683,0.228336,0.892129,0.868226,0.885188,0.781629,0,0,0,
0,0.0696162,0.138422,-0.0440383,-0.113515,-0.298875,0.0359929,-0.522074,0.734392,0.408863,-0.71603,0.102887,-0.185544,0.115263,-0.65449,-0.779781,-0.797588,-0.78373,0.190336,-0.0678939,-0.240364,0.084778,0.531669,0.68136,0.699586,0.591987,0.227046,0.911271,0.887898,0.907097,0.796951,0,0,0,
0,0.0655168,0.138694,-0.043793,-0.119715,-0.307328,0.041998,-0.564013,0.796953,0.498601,-0.751753,0.0937929,-0.188024,0.114718,-0.705351,-0.836941,-0.840687,-0.819617,0.192347,-0.0605457,-0.244798,0.0815275,0.539104,0.690038,0.705975,0.595212,0.224135,0.924952,0.905824,0.927821,0.810997,0,0,0,
0,0.0621113,0.140621,-0.0427995,-0.120906,-0.312532,0.0446263,-0.581871,0.824472,0.537646,-0.767612,0.0917209,-0.184206,0.120808,-0.736707,-0.863915,-0.861219,-0.833699,0.197155,-0.0566574,-0.246966,0.0789676,0.542202,0.692642,0.706959,0.597887,0.222128,0.9298,0.913393,0.935903,0.816966,0,0,0,
0,0.0537628,0.132606,-0.0365857,-0.120427,-0.309327,0.0447633,-0.609059,0.888212,0.612411,-0.792262,0.0759052,-0.181227,0.139608,-0.794213,-0.921161,-0.920108,-0.859537,0.215926,-0.0535284,-0.266783,0.0799012,0.550253,0.697844,0.711099,0.60246,0.219618,0.943561,0.936461,0.95694,0.834962,0,0,0,
0,0.0487687,0.123724,-0.0315061,-0.118168,-0.302525,0.042498,-0.614954,0.921007,0.643995,-0.804197,0.05833,-0.180777,0.154577,-0.817963,-0.945043,-0.941405,-0.871238,0.230416,-0.0528829,-0.273988,0.0811177,0.555427,0.702245,0.715127,0.606107,0.217685,0.952303,0.94904,0.968731,0.844498,0,0,0,
0,0.0417295,0.109337,-0.0230797,-0.117294,-0.296565,0.0401033,-0.61939,0.981236,0.67233,-0.829397,0.0268787,-0.180716,0.187069,-0.859004,-0.991732,-0.963702,-0.891175,0.256748,-0.0568676,-0.286138,0.0822857,0.564091,0.709334,0.722032,0.61404,0.215073,0.969994,0.97188,0.989182,0.861354,0,0,0,
0,0.0366164,0.100097,-0.0187166,-0.124486,-0.298745,0.0403983,-0.611983,1.06076,0.684645,-0.871264,-0.00505353,-0.181278,0.200187,-0.904794,-1.06972,-0.992839,-0.923874,0.283343,-0.0625492,-0.28636,0.0812467,0.56666,0.711633,0.724202,0.618878,0.213341,0.97512,0.986903,1.00361,0.874165,0,0,0,
0,0.0328935,0.0936892,-0.0172816,-0.129594,-0.300782,0.0405086,-0.604853,1.09193,0.680862,-0.885042,-0.0170049,-0.180715,0.204223,-0.918886,-1.10061,-1.00453,-0.941988,0.29418,-0.0622521,-0.285356,0.0801474,0.567,0.712654,0.725262,0.619323,0.211746,0.975673,0.990831,1.00739,0.877285,0,0,0,
0,0.0279152,0.0795735,-0.0162561,-0.142141,-0.302232,0.0402138,-0.562921,1.15734,0.663706,-0.92337,-0.045181,-0.168051,0.216542,-0.930572,-1.15633,-1.02507,-0.976183,0.317789,-0.0594297,-0.28473,0.0750593,0.567891,0.71557,0.728901,0.62356,0.20984,0.974778,0.99446,1.01148,0.880559,0,0,0,
0,0.0239055,0.0664282,-0.0166812,-0.159855,-0.302427,0.0397877,-0.504236,1.20262,0.619893,-0.954353,-0.060609,-0.156297,0.223493,-0.9204,-1.2115,-1.0272,-1.00827,0.340257,-0.0618299,-0.285521,0.0708761,0.56682,0.715812,0.730484,0.627025,0.209544,0.973085,0.995552,1.0128,0.882354,0,0,0,
0,0.0236954,0.0612315,-0.0185899,-0.171808,-0.302878,0.0404125,-0.452311,1.22514,0.58501,-0.976984,-0.0604921,-0.157937,0.229807,-0.898719,-1.23975,-1.01746,-1.02578,0.3516,-0.0650597,-0.289019,0.067994,0.566555,0.715497,0.731643,0.627092,0.210135,0.972786,0.996407,1.01363,0.883063,0,0,0,
0,0.0240831,0.0465117,-0.0222782,-0.199235,-0.30269,0.0430564,-0.370318,1.249,0.510279,-1.01915,-0.0453125,-0.159457,0.240746,-0.838496,-1.28653,-0.974689,-1.05968,0.358385,-0.0730839,-0.29852,0.0643713,0.566362,0.716846,0.732366,0.627251,0.210087,0.972709,0.997393,1.01471,0.884091,0,0,0,
0,0.0230902,0.0274983,-0.0239736,-0.218766,-0.304625,0.0423711,-0.263224,1.25945,0.410642,-1.05667,-0.0192979,-0.163816,0.256531,-0.756719,-1.32527,-0.905083,-1.09627,0.353837,-0.0804486,-0.302554,0.0622511,0.566453,0.715549,0.733186,0.628663,0.210251,0.970578,0.996398,1.01331,0.8828,0,0,0,
0,0.0251581,0.0190756,-0.0251744,-0.225683,-0.304919,0.0394581,-0.221173,1.25926,0.360538,-1.07126,-0.0143896,-0.166958,0.260219,-0.702796,-1.33997,-0.860213,-1.11316,0.346126,-0.083657,-0.305377,0.0610214,0.565565,0.715812,0.733309,0.629123,0.210047,0.969717,0.995984,1.01282,0.882202,0,0,0,
0,0.0263833,0.00502001,-0.0279041,-0.230353,-0.302076,0.0360046,-0.134601,1.25296,0.267207,-1.10168,0.000953498,-0.17823,0.261244,-0.608419,-1.35574,-0.765117,-1.14229,0.325655,-0.0867806,-0.305778,0.0603304,0.562852,0.713469,0.732782,0.626923,0.209128,0.967545,0.994171,1.01116,0.880731,0,0,0,
0,0.0270022,-0.00118376,-0.0310718,-0.234346,-0.301492,0.0315955,-0.0597854,1.2373,0.183321,-1.13775,0.0133795,-0.182491,0.266826,-0.493354,-1.35875,-0.647595,-1.16816,0.302247,-0.0939392,-0.317852,0.0587498,0.561725,0.712723,0.733378,0.626843,0.208352,0.966403,0.993175,1.00885,0.88002,0,0,0,
0,0.0257228,-0.00149116,-0.0324374,-0.23234,-0.303032,0.029705,-0.0282153,1.22907,0.142563,-1.14974,0.012637,-0.181303,0.272756,-0.443988,-1.35727,-0.586255,-1.18012,0.289781,-0.0972851,-0.320127,0.05793,0.560576,0.713537,0.73397,0.627848,0.208323,0.966547,0.993113,1.00887,0.879891,0,0,0,
0,0.0251456,-0.00141173,-0.0326898,-0.228457,-0.307318,0.0272742,0.0453166,1.20522,0.0549587,-1.18256,0.00515467,-0.188032,0.290347,-0.364971,-1.34695,-0.481419,-1.20015,0.25989,-0.0960065,-0.312329,0.0611459,0.561322,0.715817,0.737365,0.631016,0.207584,0.966705,0.99344,1.00955,0.880029,0,0,0,
0,0.0277444,0.000921421,-0.0351124,-0.221574,-0.311209,0.0284355,0.0787973,1.18641,-0.0124998,-1.20838,0.0121195,-0.197932,0.278125,-0.314167,-1.32759,-0.403215,-1.20967,0.242988,-0.0874277,-0.300449,0.0644315,0.559856,0.714596,0.736547,0.629729,0.207243,0.967363,0.993276,1.00925,0.879538,0,0,0,
0,0.0273028,0.00246245,-0.0357891,-0.218433,-0.311746,0.0313289,0.0823251,1.17952,-0.0312751,-1.21686,0.0263484,-0.204366,0.268517,-0.299685,-1.31446,-0.374385,-1.21121,0.239501,-0.0840238,-0.294546,0.0656861,0.557229,0.712423,0.733517,0.627677,0.207495,0.968363,0.993293,1.00929,0.879057,0,0,0,
0,0.0271601,0.00896213,-0.0378804,-0.215261,-0.316744,0.0418379,0.0728816,1.17113,-0.0614924,-1.23474,0.046338,-0.21709,0.270097,-0.287975,-1.28901,-0.329816,-1.21345,0.233619,-0.0794517,-0.288235,0.0684458,0.555627,0.711143,0.73293,0.626289,0.207332,0.970989,0.993787,1.01002,0.879639,0,0,0,
0,0.0269034,0.0155615,-0.0393876,-0.214144,-0.323243,0.0486602,0.0587931,1.1708,-0.0740408,-1.24188,0.0542782,-0.22247,0.272176,-0.288879,-1.27755,-0.312542,-1.21522,0.2288,-0.0790437,-0.286878,0.0683963,0.555145,0.711526,0.733418,0.626279,0.20752,0.969934,0.993798,1.00966,0.879385,0,0,0,
0,0.0253832,0.0294215,-0.0420133,-0.210006,-0.336462,0.0623183,0.0171732,1.18023,-0.09533,-1.26905,0.0546226,-0.230311,0.267902,-0.304363,-1.25338,-0.28817,-1.21963,0.216559,-0.0747739,-0.27903,0.0754836,0.556883,0.71441,0.736231,0.627763,0.206994,0.950495,0.993001,1.00777,0.878612,0,0,0,
0,0.0247563,0.0419084,-0.0436647,-0.206712,-0.339961,0.0701214,-0.0830639,1.20148,-0.0552022,-1.28074,0.0582467,-0.236252,0.23,-0.328631,-1.23581,-0.283435,-1.21909,0.184571,-0.0598955,-0.256163,0.0796937,0.557332,0.71469,0.736173,0.626587,0.20317,0.899953,0.988208,1.00871,0.889991,0,0,0,
0,0.0182036,0.047929,-0.043313,-0.20461,-0.339541,0.0728914,-0.146332,1.21295,-0.0179099,-1.27131,0.0668884,-0.235325,0.212029,-0.349796,-1.22819,-0.292443,-1.21965,0.162493,-0.051361,-0.240538,0.0766446,0.556782,0.713007,0.735361,0.625414,0.19962,0.8807,0.983802,1.01065,0.897851,0,0,0,
0,0.00566583,0.0593105,-0.0368581,-0.196727,-0.335825,0.0747149,-0.265918,1.22907,0.0979716,-1.27206,0.105659,-0.236598,0.182609,-0.388813,-1.22031,-0.326024,-1.21919,0.124425,-0.0333129,-0.218325,0.0724243,0.555969,0.713018,0.732357,0.626122,0.195443,0.851585,0.967876,1.01364,0.908977,0,0,0,
0,-0.0123064,0.0694422,-0.0275775,-0.190641,-0.328857,0.0746202,-0.42375,1.23291,0.242782,-1.23256,0.153434,-0.248255,0.158675,-0.425772,-1.21722,-0.37241,-1.21073,0.0941802,-0.0196701,-0.206886,0.0688009,0.557806,0.708277,0.726179,0.621957,0.191186,0.829049,0.95848,1.01389,0.91333,0,0,0,
0,-0.0301131,0.0730989,-0.0197883,-0.180686,-0.324551,0.0735331,-0.495394,1.23077,0.322012,-1.21334,0.167248,-0.241877,0.15669,-0.451164,-1.21293,-0.402271,-1.21033,0.0796959,-0.00467118,-0.20574,0.0629023,0.559148,0.711039,0.72572,0.625862,0.18526,0.822592,0.95823,1.01521,0.914944,0,0,0,
0,-0.0547638,0.0810543,-0.00756544,-0.173625,-0.316581,0.0721456,-0.615027,1.2206,0.470128,-1.19055,0.193634,-0.243285,0.169958,-0.47454,-1.21083,-0.442431,-1.19535,0.0668069,0.0285288,-0.224056,0.0525388,0.561339,0.712741,0.724915,0.625744,0.174382,0.817493,0.960559,1.02109,0.918249,0,0,0,
0,-0.0963932,0.0937568,0.00813387,-0.140665,-0.308911,0.0697515,-0.732788,1.20512,0.592131,-1.13521,0.211041,-0.245869,0.18784,-0.508519,-1.20007,-0.487204,-1.16495,0.0530494,0.0446173,-0.245637,0.0490659,0.56333,0.712599,0.721243,0.628,0.170656,0.823577,0.968809,1.03514,0.923196,0,0,0,
0,-0.110925,0.0995401,0.0143432,-0.123276,-0.306731,0.0682722,-0.785856,1.19286,0.653946,-1.12469,0.212508,-0.238091,0.199046,-0.494881,-1.2058,-0.484465,-1.16719,0.0564338,0.0568953,-0.270259,0.0439937,0.564086,0.712563,0.720205,0.626209,0.166281,0.829371,0.974752,1.04281,0.928958,0,0,0,
0,-0.16506,0.115494,0.0306481,-0.0943893,-0.296926,0.067011,-0.87516,1.17242,0.753424,-1.09023,0.20801,-0.214034,0.219605,-0.474363,-1.21278,-0.458146,-1.17308,0.0548143,0.0645244,-0.299537,0.0361024,0.564577,0.712364,0.717026,0.628435,0.151739,0.839916,0.985475,1.05761,0.937935,0,0,0,
0,-0.17609,0.121211,0.0363779,-0.0988959,-0.289193,0.0677068,-0.927338,1.15223,0.798392,-1.06683,0.20705,-0.223138,0.226187,-0.46747,-1.21477,-0.441145,-1.17019,0.0510213,0.0645818,-0.306285,0.0416848,0.564284,0.711329,0.715084,0.627533,0.161998,0.845795,0.990329,1.06405,0.93915,0,0,0,
0,-0.215348,0.135275,0.0485625,-0.104801,-0.274209,0.0648921,-0.997385,1.12663,0.877643,-1.05185,0.199872,-0.219354,0.241669,-0.46201,-1.21807,-0.411233,-1.15949,0.039066,0.0708252,-0.312593,0.0419655,0.56416,0.710104,0.712118,0.627157,0.156827,0.85274,0.998437,1.07461,0.947371,0,0,0,
0,-0.253335,0.151908,0.0575511,-0.0846822,-0.265528,0.0571469,-1.08855,1.07171,0.953304,-1.00901,0.195075,-0.205087,0.247816,-0.468185,-1.21924,-0.396818,-1.1591,0.0299181,0.0830218,-0.316714,0.0389947,0.563592,0.709051,0.70943,0.628567,0.154838,0.857915,1.00503,1.08352,0.950711,0,0,0,
0,-0.270042,0.15931,0.0599422,-0.0829595,-0.261849,0.0524037,-1.13346,1.03712,0.991987,-0.985372,0.19106,-0.195452,0.247937,-0.498552,-1.20975,-0.398689,-1.1459,0.0229847,0.0998439,-0.316823,0.0330861,0.563033,0.708177,0.708258,0.629585,0.161846,0.861483,1.00752,1.08726,0.954862,0,0,0,
0,-0.331259,0.180886,0.0658928,-0.0580724,-0.260432,0.0430906,-1.17551,1.02045,1.04812,-0.95495,0.179012,-0.198468,0.256318,-0.496152,-1.21382,-0.380937,-1.13348,0.0157254,0.090932,-0.316302,0.0308439,0.561871,0.707156,0.70492,0.624966,0.15976,0.868126,1.01371,1.09718,0.960988,0,0,0,
0,-0.374416,0.195201,0.0687803,-0.0742256,-0.258264,0.035141,-1.21855,0.984379,1.09374,-0.973408,0.169795,-0.203913,0.260102,-0.46022,-1.22771,-0.348586,-1.15656,0.0187319,0.0972422,-0.329554,0.0295484,0.560278,0.704759,0.701812,0.623193,0.158818,0.873755,1.02011,1.10213,0.968599,0,0,0,
0,-0.392401,0.201082,0.070657,-0.0691779,-0.258913,0.032158,-1.25467,0.941395,1.126,-0.965479,0.165471,-0.199562,0.256677,-0.436188,-1.2355,-0.313374,-1.14172,0.0177817,0.0899937,-0.330856,0.029225,0.558968,0.703941,0.699643,0.622203,0.16116,0.875731,1.01971,1.10345,0.967669,0,0,0,
0,-0.439914,0.216163,0.0774455,-0.0651856,-0.259815,0.0253596,-1.30255,0.880953,1.17588,-0.916772,0.151958,-0.199836,0.25819,-0.432948,-1.23712,-0.277298,-1.14902,0.0202505,0.0869879,-0.327433,0.0342818,0.556592,0.702146,0.697233,0.623808,0.164753,0.881506,1.0241,1.1108,0.971301,0,0,0,
0,-0.482545,0.226711,0.0858426,-0.0483716,-0.262788,0.0165408,-1.34812,0.801575,1.21975,-0.889904,0.143468,-0.205208,0.26108,-0.41798,-1.23768,-0.231201,-1.13146,0.0227277,0.0878965,-0.326783,0.0306438,0.5546,0.700239,0.695105,0.620814,0.163911,0.887822,1.02676,1.11527,0.974193,0,0,0,
0,-0.495018,0.227958,0.0894129,-0.0537412,-0.26546,0.0127851,-1.36372,0.771551,1.23871,-0.909601,0.139582,-0.197919,0.263684,-0.407751,-1.2378,-0.20601,-1.11915,0.0216997,0.0876499,-0.326663,0.0308815,0.553567,0.699347,0.694208,0.619033,0.160916,0.892052,1.02922,1.11888,0.98036,0,0,0,
0,-0.527217,0.234642,0.0964878,-0.0518474,-0.27548,0.00770392,-1.40228,0.682003,1.26827,-0.888552,0.133435,-0.203399,0.266118,-0.401646,-1.23461,-0.164433,-1.08463,0.023345,0.0783692,-0.320186,0.0412687,0.551046,0.696792,0.692143,0.617545,0.168607,0.899485,1.03541,1.1258,0.984537,0,0,0,
0,-0.558256,0.24082,0.103146,-0.0422106,-0.286434,0.00496882,-1.42098,0.624019,1.289,-0.908349,0.131631,-0.19276,0.264961,-0.372697,-1.23301,-0.114082,-1.07946,0.0358658,0.0636379,-0.316681,0.0412373,0.548926,0.695217,0.69162,0.613909,0.171073,0.905613,1.03872,1.13042,0.989997,0,0,0,
0,-0.568771,0.242818,0.106362,-0.0515023,-0.290714,0.00358099,-1.42945,0.582039,1.29907,-0.908163,0.13469,-0.182626,0.259727,-0.359896,-1.23234,-0.0842571,-1.07482,0.0393665,0.057605,-0.31283,0.0390757,0.546782,0.694382,0.69147,0.616612,0.171291,0.909237,1.04044,1.1331,0.990626,0,0,0,
0,-0.583166,0.242856,0.111987,-0.0764529,-0.297051,-0.000495849,-1.43208,0.523011,1.33065,-0.918955,0.154192,-0.182901,0.245655,-0.349424,-1.23001,-0.0497095,-1.08431,0.0452815,0.0518404,-0.30349,0.0432398,0.541018,0.691734,0.69037,0.614764,0.17206,0.912446,1.04216,1.13503,0.992712,0,0,0,
0,-0.585918,0.240749,0.114221,-0.0956512,-0.297746,-0.00173407,-1.42748,0.486757,1.34352,-0.917142,0.165369,-0.176189,0.241967,-0.350828,-1.22865,-0.0379711,-1.08936,0.0432616,0.0510731,-0.295373,0.0380617,0.541116,0.692043,0.688902,0.614848,0.172311,0.913197,1.04247,1.13544,0.992892,0,0,0,
0,-0.585328,0.235307,0.117045,-0.147724,-0.297734,-0.00410448,-1.41682,0.43873,1.38276,-0.934719,0.18401,-0.150442,0.242024,-0.364614,-1.22744,-0.0345832,-1.09679,0.0313245,0.0523636,-0.277507,0.0324325,0.540839,0.693072,0.689324,0.615067,0.172606,0.911556,1.04133,1.13453,0.99186,0,0,0,
0,-0.579757,0.227126,0.117778,-0.220347,-0.301234,-0.00795725,-1.40417,0.403596,1.41617,-0.942109,0.205306,-0.128366,0.240809,-0.363312,-1.22928,-0.0421382,-1.12245,0.0209868,0.059251,-0.27394,0.029133,0.54077,0.691021,0.687113,0.616037,0.169198,0.909743,1.04121,1.1347,0.991743,0,0,0,
0,-0.576014,0.222729,0.117631,-0.258637,-0.304884,-0.00957782,-1.39805,0.392754,1.42725,-0.942769,0.211689,-0.117167,0.243289,-0.382503,-1.22798,-0.0531581,-1.13457,0.016128,0.0736038,-0.273575,0.0262713,0.540782,0.690937,0.686559,0.616381,0.165769,0.909047,1.04173,1.13488,0.992249,0,0,0,
0,-0.559541,0.211939,0.116091,-0.380415,-0.317102,-0.00666227,-1.38993,0.381892,1.44511,-0.941543,0.213516,-0.0953288,0.252666,-0.34835,-1.23566,-0.0525068,-1.16405,0.0164514,0.0859971,-0.283718,0.0247385,0.54117,0.690932,0.68711,0.616918,0.165664,0.906107,1.04079,1.13509,0.992237,0,0,0,
0,-0.547511,0.204749,0.113792,-0.491628,-0.318765,-0.00591569,-1.3804,0.400089,1.44986,-0.946094,0.210968,-0.0832903,0.264282,-0.28896,-1.24478,-0.0293644,-1.21376,0.0208288,0.0939868,-0.293574,0.029785,0.542142,0.691327,0.68892,0.614676,0.166405,0.902905,1.04058,1.13503,0.990946,0,0,0,
0,-0.54705,0.204372,0.113281,-0.542978,-0.317722,-0.00944935,-1.37729,0.416874,1.44708,-0.936877,0.208346,-0.0821348,0.268836,-0.270614,-1.24742,-0.0200708,-1.24416,0.0214466,0.0948135,-0.292638,0.0363651,0.54266,0.6913,0.689303,0.613899,0.166458,0.901691,1.03944,1.13395,0.990179,0,0,0,
0,-0.530479,0.195512,0.111409,-0.633497,-0.309427,-0.0193863,-1.38065,0.440905,1.44418,-0.941886,0.199775,-0.0962406,0.278497,-0.345345,-1.22985,-0.0490159,-1.25755,-0.00215202,0.1389,-0.274379,0.0386003,0.544203,0.691929,0.690947,0.613011,0.168935,0.897877,1.03716,1.13421,0.989496,0,0,0,
0,-0.521669,0.191667,0.110226,-0.689235,-0.303949,-0.0255234,-1.38823,0.450238,1.43684,-0.936774,0.187069,-0.105741,0.287592,-0.425609,-1.20831,-0.127331,-1.21541,-0.0382011,0.172855,-0.256224,0.0421003,0.545201,0.691741,0.69263,0.611658,0.168663,0.895491,1.03787,1.13509,0.989444,0,0,0,
0,-0.520444,0.190653,0.110486,-0.706665,-0.303226,-0.0262944,-1.39157,0.453641,1.42957,-0.932388,0.181997,-0.11336,0.291673,-0.439928,-1.20349,-0.157278,-1.20446,-0.0465351,0.180808,-0.257066,0.0444634,0.545598,0.691887,0.691661,0.611737,0.167092,0.893937,1.03748,1.13484,0.989343,0,0,0,
0,-0.522007,0.189317,0.112343,-0.722896,-0.303621,-0.0228797,-1.39943,0.454883,1.41458,-0.928497,0.179686,-0.128487,0.295315,-0.45958,-1.19697,-0.198587,-1.19003,-0.049952,0.19706,-0.265994,0.0460293,0.546146,0.69161,0.691311,0.610117,0.162392,0.892932,1.03853,1.13565,0.990716,0,0,0,
0,-0.529325,0.191176,0.115752,-0.720028,-0.308529,-0.0173661,-1.40468,0.453754,1.4017,-0.928171,0.184089,-0.146269,0.298584,-0.425717,-1.17617,-0.196624,-1.21145,-0.043759,0.218212,-0.290453,0.0488187,0.545997,0.691651,0.69132,0.608671,0.15829,0.893731,1.03961,1.13718,0.992762,0,0,0,
0,-0.534086,0.193217,0.117787,-0.715893,-0.312284,-0.0154335,-1.40879,0.445854,1.39539,-0.932098,0.186549,-0.152149,0.297785,-0.410848,-1.16865,-0.19199,-1.20344,-0.0375329,0.221344,-0.302235,0.0521841,0.546248,0.691707,0.691362,0.607715,0.160041,0.894212,1.03997,1.13788,0.9934,0,0,0,
0,-0.538254,0.196691,0.122704,-0.701608,-0.323003,-0.0118917,-1.41392,0.427777,1.38594,-0.931789,0.195953,-0.187486,0.298256,-0.373788,-1.15662,-0.171488,-1.19261,-0.0252929,0.226972,-0.317946,0.0638019,0.546851,0.691166,0.691078,0.604529,0.162002,0.896337,1.04135,1.13978,0.995161,0,0,0,
0,-0.54634,0.199808,0.126637,-0.687413,-0.331412,-0.00993831,-1.41353,0.421035,1.38345,-0.940133,0.198119,-0.1928,0.296261,-0.354526,-1.14933,-0.161377,-1.21052,-0.0181437,0.235408,-0.324523,0.0679236,0.547142,0.691324,0.691404,0.604502,0.160026,0.897674,1.04208,1.14031,0.995882,0,0,0,
0,-0.557161,0.200274,0.135563,-0.660846,-0.349768,-0.00759127,-1.40966,0.410252,1.37995,-0.952829,0.204676,-0.207759,0.290028,-0.325677,-1.14013,-0.136566,-1.20792,-0.0106528,0.246204,-0.331087,0.0753581,0.546629,0.690085,0.691367,0.603173,0.16365,0.898578,1.04247,1.14098,0.997064,0,0,0,
0,-0.56805,0.199711,0.145146,-0.638117,-0.372991,-0.00272501,-1.40085,0.397747,1.38096,-0.971763,0.221053,-0.218487,0.27908,-0.294627,-1.13543,-0.104778,-1.19744,-0.00771306,0.225123,-0.335332,0.079683,0.545666,0.687263,0.689023,0.598907,0.168324,0.899505,1.0425,1.14107,0.997426,0,0,0,
0,-0.57034,0.197135,0.148043,-0.633481,-0.385076,0.00447171,-1.39353,0.386809,1.3848,-0.98157,0.235139,-0.213027,0.275282,-0.287593,-1.13522,-0.0868684,-1.19133,-0.00706133,0.213455,-0.335054,0.0792824,0.544523,0.687947,0.688419,0.598944,0.169463,0.899773,1.0427,1.14133,0.997382,0,0,0,
0,-0.57187,0.196789,0.15155,-0.634773,-0.408121,0.022364,-1.38155,0.374858,1.39237,-0.991857,0.269928,-0.195501,0.267922,-0.28867,-1.14254,-0.0627094,-1.18822,-0.00259775,0.18871,-0.334294,0.0767148,0.543804,0.686754,0.687053,0.599529,0.17113,0.900816,1.04305,1.1417,0.997443,0,0,0,
0,-0.566785,0.194583,0.150787,-0.653059,-0.424835,0.0414488,-1.37148,0.370624,1.40402,-0.997723,0.299203,-0.169362,0.26191,-0.300611,-1.15215,-0.0448824,-1.19979,0.00173569,0.169615,-0.32757,0.0732762,0.542045,0.685359,0.684963,0.599189,0.173399,0.901006,1.04307,1.14144,0.997081,0,0,0,
0,-0.556586,0.190176,0.147209,-0.668506,-0.429823,0.0527027,-1.36924,0.366039,1.41171,-1.0024,0.30799,-0.148344,0.257758,-0.30979,-1.15778,-0.0393515,-1.20028,0.00500824,0.160115,-0.323511,0.0681441,0.54078,0.684278,0.684109,0.599245,0.173907,0.900805,1.04304,1.14158,0.997153,0,0,0,
0,-0.555631,0.180613,0.141393,-0.701765,-0.432416,0.0664985,-1.3595,0.380527,1.42388,-0.989089,0.310173,-0.110347,0.265282,-0.263703,-1.16793,-0.0107295,-1.23332,0.0145334,0.131216,-0.321885,0.0665256,0.539585,0.684625,0.684997,0.602574,0.174491,0.900955,1.04156,1.14133,0.996113,0,0,0,
0,-0.553195,0.170382,0.132674,-0.72088,-0.429182,0.0728061,-1.3449,0.441208,1.42035,-0.994302,0.286855,-0.0584206,0.282979,-0.338342,-1.16649,-0.0215338,-1.27315,0.00264801,0.118902,-0.288496,0.0606415,0.538068,0.68508,0.68592,0.601285,0.179578,0.895857,1.037,1.13674,0.990054,0,0,0,
0,-0.529818,0.158427,0.119795,-0.761433,-0.422318,0.0780019,-1.34748,0.459767,1.41221,-0.993535,0.28515,-0.0709997,0.28988,-0.326926,-1.17682,-0.0288813,-1.2583,-0.00048583,0.124027,-0.283164,0.0594823,0.5375,0.683952,0.685427,0.600968,0.186841,0.886299,1.03612,1.13252,0.987232,0,0,0,
0,-0.499649,0.140567,0.0960212,-0.831569,-0.406724,0.0889752,-1.34751,0.515402,1.39591,-0.987459,0.269452,-0.0656424,0.295899,-0.346757,-1.18727,-0.0425861,-1.26592,-0.00858748,0.100307,-0.26513,0.0618048,0.536244,0.683401,0.684852,0.601497,0.18424,0.87292,1.03011,1.12676,0.983704,0,0,0,
0,-0.463972,0.124411,0.0708111,-0.917126,-0.388783,0.101388,-1.35349,0.556576,1.38516,-0.974447,0.249504,-0.0355377,0.290918,-0.415113,-1.19663,-0.0921096,-1.27047,-0.0236201,0.100557,-0.2446,0.0674296,0.535003,0.683414,0.685375,0.601355,0.183165,0.857505,1.02677,1.1229,0.982048,0,0,0,
0,-0.439492,0.117153,0.0574322,-0.953859,-0.379518,0.107757,-1.35357,0.588081,1.38153,-0.979635,0.245693,-0.0382754,0.289747,-0.462233,-1.20292,-0.132518,-1.24795,-0.033694,0.0946947,-0.229649,0.0649724,0.534898,0.683205,0.685626,0.600689,0.188281,0.846422,1.02318,1.12096,0.978605,0,0,0,
0,-0.379261,0.105623,0.0324911,-0.991666,-0.364769,0.119649,-1.34946,0.663118,1.37465,-0.993362,0.233523,-0.0320599,0.28284,-0.561697,-1.21243,-0.233369,-1.23403,-0.0430182,0.0947556,-0.2172,0.0729389,0.532839,0.68253,0.685318,0.600819,0.200204,0.826744,1.02302,1.11797,0.979345,0,0,0,
0,-0.355237,0.1015,0.024407,-0.971613,-0.362783,0.122677,-1.34622,0.698475,1.37093,-0.988784,0.225629,-0.024153,0.277321,-0.622901,-1.21232,-0.28812,-1.22845,-0.0431788,0.100647,-0.214152,0.0738315,0.531798,0.681684,0.685166,0.600928,0.187404,0.817883,1.02501,1.1151,0.978033,0,0,0,
0,-0.281966,0.0911732,0.00174021,-0.921999,-0.361749,0.122233,-1.34116,0.751152,1.36611,-1.01774,0.224881,-0.0298759,0.272193,-0.718926,-1.21928,-0.397252,-1.20601,-0.0379782,0.0971181,-0.210744,0.0698375,0.532788,0.682439,0.685963,0.602369,0.188878,0.796721,1.01886,1.10827,0.974863,0,0,0,
0,-0.219634,0.0843107,-0.0158412,-0.844434,-0.36275,0.116277,-1.32087,0.818924,1.35146,-1.01293,0.213697,-0.000814879,0.268791,-0.813884,-1.21343,-0.505753,-1.22677,-0.0269789,0.100196,-0.213221,0.0590798,0.531376,0.682451,0.686743,0.604581,0.189961,0.775408,1.01498,1.10041,0.96902,0,0,0,
0,-0.178783,0.0827936,-0.0257948,-0.755757,-0.365145,0.105755,-1.30553,0.860247,1.33582,-1.0362,0.208686,-8.12671e-06,0.273401,-0.875305,-1.20176,-0.56849,-1.22299,-0.0259407,0.0939155,-0.207266,0.0563197,0.530934,0.682584,0.686964,0.605758,0.192748,0.76319,1.00955,1.0933,0.962135,0,0,0,
0,-0.10597,0.0790376,-0.0436412,-0.634906,-0.361895,0.0822427,-1.27512,0.925399,1.29353,-1.05806,0.202321,0.00872936,0.277884,-0.954091,-1.18982,-0.680033,-1.23063,-0.0156948,0.088408,-0.211076,0.0490428,0.529947,0.683594,0.688071,0.605692,0.189544,0.743694,1.00082,1.08198,0.954905,0,0,0,
0,-0.0483258,0.0699339,-0.0597801,-0.489958,-0.343801,0.0508663,-1.24073,0.979325,1.24565,-1.07708,0.221521,0.023867,0.266697,-1.03679,-1.15717,-0.780268,-1.20663,-0.00307115,0.0698727,-0.215158,0.0447488,0.527311,0.683865,0.688184,0.603249,0.188159,0.730353,0.997379,1.07358,0.955296,0,0,0,
0,-0.0122843,0.0655921,-0.0713444,-0.426073,-0.331774,0.0417025,-1.22175,1.01205,1.22143,-1.09491,0.235433,0.0300718,0.260006,-1.08521,-1.12992,-0.833573,-1.21097,0.00410583,0.0674849,-0.218431,0.0346312,0.525816,0.684165,0.688414,0.602793,0.19892,0.72527,0.996797,1.07137,0.951808,0,0,0,
0,0.0366511,0.0622284,-0.0893989,-0.311948,-0.312202,0.0353167,-1.16152,1.10404,1.16275,-1.13072,0.247917,0.037579,0.252677,-1.14886,-1.09026,-0.917624,-1.19984,0.0216254,0.0714741,-0.232652,0.0340149,0.523444,0.68382,0.68825,0.602101,0.188805,0.717586,0.997648,1.0687,0.953268,0,0,0,
0,0.106089,0.0577043,-0.113757,-0.280554,-0.298269,0.0396463,-1.13266,1.1483,1.11379,-1.15823,0.266073,0.0328202,0.236718,-1.19769,-1.04542,-0.986929,-1.18962,0.0422012,0.0535442,-0.246063,0.0248882,0.522238,0.683881,0.688264,0.599385,0.191942,0.711819,0.995079,1.06914,0.95442,0,0,0,
0,0.123238,0.0537877,-0.122171,-0.276016,-0.291528,0.0406235,-1.10369,1.18335,1.08574,-1.16325,0.270956,0.0284343,0.23293,-1.21651,-1.02381,-1.01656,-1.19017,0.0534704,0.0470418,-0.254658,0.0258252,0.521286,0.683624,0.687967,0.598628,0.198728,0.710393,0.996215,1.07032,0.954814,0,0,0,
0,0.183557,0.0508293,-0.145326,-0.296653,-0.281303,0.0431481,-1.05332,1.24187,1.02609,-1.21066,0.270353,0.0523879,0.225686,-1.2551,-0.973092,-1.06948,-1.18213,0.072727,0.0385386,-0.268673,0.0132295,0.518913,0.683162,0.687642,0.599709,0.197838,0.707843,0.999949,1.07317,0.954125,0,0,0,
0,0.244743,0.0449343,-0.163858,-0.313724,-0.264796,0.0424137,-0.984897,1.30079,0.952012,-1.23427,0.274415,0.0243914,0.223105,-1.28417,-0.907061,-1.11944,-1.18781,0.0906242,0.0172689,-0.273207,0.0196296,0.51833,0.68323,0.687885,0.597859,0.205768,0.70732,0.998219,1.07512,0.958217,0,0,0,
0,0.26958,0.0425415,-0.171178,-0.328642,-0.259009,0.0435123,-0.960166,1.32143,0.922172,-1.24955,0.276186,0.0302044,0.215844,-1.29907,-0.87033,-1.14255,-1.18706,0.0987056,0.00987016,-0.274934,0.0143989,0.518004,0.683199,0.687966,0.598622,0.216015,0.706628,1.00012,1.07421,0.957061,0,0,0,
0,0.317284,0.0371576,-0.184644,-0.359282,-0.25026,0.0467527,-0.854858,1.38562,0.833189,-1.27976,0.272555,0.0244793,0.218493,-1.33096,-0.78271,-1.18451,-1.15219,0.112431,-0.00537709,-0.276704,0.0219516,0.517975,0.683189,0.687873,0.597355,0.216273,0.706474,0.998158,1.07793,0.960189,0,0,0,
0,0.347988,0.0370148,-0.191762,-0.387912,-0.247656,0.0478277,-0.824699,1.40124,0.792917,-1.29807,0.264945,0.0263259,0.214385,-1.33604,-0.758536,-1.20442,-1.16842,0.120252,-0.014405,-0.278724,0.0205656,0.517707,0.683226,0.687903,0.597997,0.223113,0.706209,0.998053,1.07645,0.95907,0,0,0,
0,0.402309,0.0349472,-0.204113,-0.44091,-0.240064,0.0515609,-0.726536,1.43106,0.712042,-1.30921,0.257882,0.0300112,0.210326,-1.34738,-0.696472,-1.22993,-1.1729,0.136089,-0.0388004,-0.281133,0.0131372,0.517894,0.683316,0.688124,0.597817,0.22489,0.70853,0.998997,1.07373,0.954271,0,0,0,
0,0.45471,0.0328618,-0.214089,-0.492216,-0.232312,0.0585535,-0.723577,1.42978,0.65664,-1.33934,0.252323,0.0768452,0.192541,-1.36837,-0.609343,-1.25176,-1.15679,0.148934,-0.0271701,-0.28944,0.0147423,0.520318,0.685005,0.690157,0.599074,0.227712,0.710751,0.999132,1.07484,0.95576,0,0,0,
0,0.493469,0.0288431,-0.224897,-0.533807,-0.225621,0.0635507,-0.787118,1.40021,0.662433,-1.27834,0.254905,0.0861763,0.169267,-1.37386,-0.563208,-1.25957,-1.15284,0.157421,-0.000985272,-0.297433,0.0102053,0.521427,0.686023,0.691255,0.601778,0.222999,0.712176,1.00057,1.07847,0.960016,0,0,0,
0,0.529774,0.00425596,-0.24837,-0.585303,-0.198685,0.0775183,-0.889466,1.35402,0.719802,-1.15493,0.266791,0.109224,0.136624,-1.36819,-0.478869,-1.25809,-1.14039,0.169855,0.0112151,-0.307175,0.0170965,0.522978,0.687511,0.693942,0.602158,0.220272,0.714758,1.00143,1.08048,0.960236,0,0,0,
0,0.571046,-0.00170521,-0.264902,-0.635146,-0.191486,0.0926999,-0.229235,1.46998,0.319857,-1.29851,0.240348,0.0368291,0.309363,-1.36228,-0.424871,-1.2486,-1.12148,0.159735,0.0341515,-0.309583,0.0151199,0.523952,0.688675,0.695954,0.602549,0.216552,0.715056,1.00157,1.07975,0.961241,0,0,0,
0,0.58356,-0.00336998,-0.269682,-0.658757,-0.190502,0.0979733,-0.0711615,1.47969,0.138479,-1.34277,0.241094,0.0103825,0.324802,-1.35698,-0.408245,-1.24343,-1.12338,0.148494,0.04273,-0.308922,0.0141572,0.524775,0.68946,0.696795,0.601832,0.215679,0.715039,1.00124,1.07947,0.961648,0,0,0,
0,0.604312,-0.00237935,-0.276077,-0.692809,-0.188255,0.115124,0.114749,1.47305,-0.120032,-1.41933,0.249994,-0.0129626,0.297792,-1.34802,-0.358821,-1.22822,-1.0966,0.119857,0.0559148,-0.308642,0.0204735,0.5281,0.691394,0.697933,0.602014,0.21408,0.715539,1.00066,1.07965,0.961126,0,0,0,
0,0.621781,-0.00288642,-0.281262,-0.71621,-0.180695,0.132387,0.178966,1.46563,-0.251693,-1.45285,0.24573,-0.038239,0.251829,-1.33157,-0.336936,-1.21197,-1.06634,0.0919272,0.0623019,-0.305695,0.0266653,0.5312,0.692893,0.699669,0.60109,0.212523,0.715445,1.0006,1.08043,0.961497,0,0,0,
0,0.627318,-0.00444597,-0.283975,-0.714628,-0.176278,0.141875,0.20409,1.46122,-0.297707,-1.46513,0.242845,-0.0553053,0.238468,-1.32346,-0.332101,-1.20488,-1.05412,0.0765145,0.0649291,-0.302763,0.0309115,0.532818,0.693239,0.699796,0.600693,0.210487,0.715022,1.00072,1.08067,0.962118,0,0,0,
0,0.6295,-0.0107078,-0.284266,-0.688763,-0.170682,0.155808,0.221604,1.46029,-0.355815,-1.484,0.233421,-0.0874105,0.217425,-1.31181,-0.330529,-1.19595,-1.03542,0.0582318,0.0678795,-0.303639,0.0340376,0.534274,0.693232,0.699651,0.600753,0.208184,0.715503,1.00125,1.08205,0.963222,0,0,0,
0,0.625134,-0.0182546,-0.282541,-0.624807,-0.168914,0.1638,0.217124,1.46709,-0.380382,-1.49805,0.223118,-0.11576,0.203695,-1.29758,-0.352131,-1.18612,-1.02826,0.0524129,0.0723988,-0.308448,0.0354324,0.533942,0.69271,0.69864,0.600775,0.200987,0.716381,1.00209,1.08417,0.96639,0,0,0,
0,0.617576,-0.022841,-0.278992,-0.582053,-0.168574,0.16584,0.228791,1.47012,-0.391173,-1.49902,0.217391,-0.125931,0.203391,-1.29026,-0.362921,-1.17923,-1.01256,0.0516008,0.0578234,-0.3062,0.0378332,0.533966,0.692233,0.697874,0.600633,0.200623,0.716719,1.00215,1.08387,0.967039,0,0,0,
0,0.602739,-0.0281277,-0.270255,-0.48398,-0.173365,0.167314,0.207783,1.47933,-0.389248,-1.51109,0.213001,-0.137802,0.188184,-1.26815,-0.408245,-1.16561,-0.999787,0.0468639,0.0269696,-0.304874,0.0374526,0.532942,0.690301,0.695649,0.599848,0.196044,0.718185,1.00359,1.08486,0.969561,0,0,0,
0,0.584233,-0.0319579,-0.256829,-0.369719,-0.186157,0.160558,0.185986,1.48916,-0.370458,-1.52199,0.219426,-0.135867,0.176699,-1.25449,-0.44794,-1.15541,-1.00593,0.0488551,-0.00360469,-0.302034,0.0326396,0.532619,0.689097,0.693919,0.59998,0.190415,0.720492,1.00543,1.08648,0.971067,0,0,0,
0,0.577574,-0.0329413,-0.251918,-0.3287,-0.19161,0.157647,0.167626,1.49357,-0.353236,-1.52154,0.223625,-0.134903,0.17064,-1.25195,-0.459693,-1.15006,-1.00537,0.0539864,-0.0153277,-0.300927,0.0278276,0.532378,0.689015,0.693068,0.600912,0.189545,0.722038,1.0063,1.08716,0.971259,0,0,0,
0,0.566668,-0.0361009,-0.245173,-0.26475,-0.198489,0.151497,0.135833,1.49963,-0.312125,-1.5279,0.240712,-0.127579,0.161642,-1.24186,-0.503479,-1.1383,-1.00189,0.0700155,-0.056483,-0.290029,0.0217216,0.531957,0.688587,0.691352,0.603065,0.191408,0.723911,1.00688,1.08814,0.97118,0,0,0,
0,0.564115,-0.0364781,-0.242781,-0.244186,-0.202235,0.147405,0.137708,1.50003,-0.297979,-1.52936,0.248927,-0.122359,0.160492,-1.24201,-0.515095,-1.13679,-1.00781,0.0759682,-0.071368,-0.285525,0.019357,0.531145,0.687495,0.690476,0.603725,0.19183,0.72455,1.00673,1.08832,0.971139,0,0,0,
0,0.560034,-0.0338302,-0.240659,-0.224172,-0.212434,0.140149,0.102971,1.49946,-0.255482,-1.52319,0.265837,-0.108051,0.150684,-1.24681,-0.532848,-1.13197,-1.01615,0.0888352,-0.0930983,-0.279799,0.0163879,0.530574,0.687328,0.689591,0.604069,0.193195,0.725819,1.00717,1.08834,0.97071,0,0,0,
0,0.559237,-0.0280821,-0.240806,-0.225964,-0.218325,0.132903,0.08242,1.49588,-0.212991,-1.51178,0.277733,-0.0935435,0.146859,-1.25277,-0.544149,-1.12905,-1.01573,0.103357,-0.111324,-0.275797,0.0142452,0.529627,0.686857,0.688914,0.605648,0.193045,0.726558,1.00671,1.0878,0.969917,0,0,0,
0,0.558617,-0.0262983,-0.241248,-0.233434,-0.217661,0.13014,0.0894763,1.49282,-0.200268,-1.50421,0.283856,-0.08277,0.149797,-1.25489,-0.547495,-1.12485,-1.02025,0.10921,-0.119562,-0.271989,0.010381,0.529469,0.686207,0.68864,0.60642,0.192967,0.726444,1.00702,1.08781,0.968618,0,0,0,
0,0.554947,-0.0234791,-0.241294,-0.248666,-0.21709,0.128067,0.141351,1.48321,-0.206242,-1.49262,0.289483,-0.0547224,0.167265,-1.26065,-0.54317,-1.12001,-1.03166,0.117777,-0.144886,-0.261338,0.00813013,0.528913,0.686333,0.688523,0.608078,0.194102,0.725685,1.00627,1.08637,0.969118,0,0,0,
0,0.577418,-0.0169114,-0.247594,-0.29661,-0.219353,0.129584,0.153302,1.47399,-0.225376,-1.50181,0.288235,-0.0560242,0.18051,-1.25755,-0.549607,-1.11049,-1.02668,0.120231,-0.145629,-0.256346,0.0123158,0.529941,0.686771,0.689583,0.607424,0.187483,0.724819,1.0056,1.0872,0.970759,0,0,0,
0,0.591643,-0.0144171,-0.25195,-0.321181,-0.220516,0.13299,0.168936,1.46793,-0.238116,-1.50297,0.285788,-0.0547827,0.18875,-1.25265,-0.555001,-1.10505,-1.02463,0.120001,-0.15054,-0.252783,0.0142758,0.530769,0.68763,0.690506,0.608461,0.188348,0.724133,1.00545,1.08731,0.970757,0,0,0,
0,0.614526,-0.011777,-0.259828,-0.367309,-0.225578,0.143126,0.208823,1.4552,-0.280229,-1.49273,0.277639,-0.0576698,0.207027,-1.24509,-0.544995,-1.09928,-1.03694,0.109266,-0.140818,-0.249932,0.0182419,0.532477,0.68904,0.692041,0.609378,0.18508,0.723693,1.00417,1.08662,0.970706,0,0,0,
0,0.629492,-0.0098267,-0.26045,-0.397087,-0.234204,0.156438,0.267807,1.43952,-0.351174,-1.49414,0.261697,-0.0668079,0.228425,-1.2358,-0.533058,-1.1005,-1.04474,0.0934804,-0.126608,-0.249693,0.0205086,0.534624,0.6918,0.694932,0.611273,0.183486,0.722459,1.00375,1.086,0.970547,0,0,0,
0,0.638367,-0.00681082,-0.261679,-0.410979,-0.238038,0.163233,0.278522,1.43535,-0.37761,-1.49875,0.255568,-0.0762528,0.227158,-1.22946,-0.52866,-1.09859,-1.04438,0.0838897,-0.119409,-0.252284,0.0223339,0.535071,0.691901,0.694977,0.610964,0.181763,0.72285,1.00375,1.08598,0.970625,0,0,0,
0,0.648913,-0.00333698,-0.260661,-0.425138,-0.238747,0.176129,0.283382,1.43479,-0.410301,-1.5044,0.247996,-0.0985091,0.220177,-1.21802,-0.521141,-1.09594,-1.04703,0.0634352,-0.104894,-0.255073,0.0265698,0.535828,0.691724,0.694891,0.610331,0.179087,0.722551,1.0036,1.08599,0.971071,0,0,0,
0,0.648713,-0.005671,-0.257558,-0.418272,-0.231584,0.181361,0.276904,1.44113,-0.423817,-1.50575,0.246907,-0.121183,0.214675,-1.20637,-0.509149,-1.09925,-1.05146,0.0455935,-0.0863956,-0.260462,0.0284243,0.536593,0.691484,0.694266,0.608874,0.173174,0.722566,1.00416,1.08649,0.972277,0,0,0,
0,0.648161,-0.00812356,-0.254334,-0.407916,-0.22891,0.181256,0.279278,1.44392,-0.430572,-1.50983,0.249046,-0.12474,0.212463,-1.19683,-0.511679,-1.1014,-1.05235,0.0374097,-0.082813,-0.262993,0.0301077,0.536927,0.69094,0.69264,0.608514,0.172973,0.721857,1.00372,1.08593,0.971837,0,0,0,
0,0.649611,-0.014607,-0.245549,-0.37736,-0.223813,0.176417,0.278955,1.45285,-0.444734,-1.50647,0.248181,-0.147047,0.21927,-1.17614,-0.526208,-1.107,-1.06436,0.0230104,-0.0780469,-0.270865,0.0323244,0.537746,0.690966,0.692169,0.607649,0.175943,0.721622,1.00328,1.08553,0.97052,0,0,0,
0,0.643965,-0.0193966,-0.238832,-0.371195,-0.219916,0.171772,0.294402,1.45599,-0.459095,-1.51516,0.246129,-0.145505,0.221168,-1.1731,-0.522969,-1.10955,-1.0631,0.019726,-0.0657663,-0.276539,0.0270296,0.53761,0.690541,0.690798,0.607215,0.170178,0.721591,1.00483,1.08734,0.970775,0,0,0,
0,0.619516,-0.0306761,-0.22251,-0.351583,-0.206034,0.164321,0.31492,1.46415,-0.481781,-1.5119,0.236406,-0.15426,0.223873,-1.15047,-0.555585,-1.1105,-1.07535,0.0241153,-0.063455,-0.284374,0.0237194,0.537224,0.68966,0.689411,0.605449,0.16692,0.721076,1.00618,1.08669,0.970204,0,0,0,
0,0.597945,-0.0437612,-0.203789,-0.373162,-0.172822,0.157105,0.237119,1.48429,-0.447453,-1.51062,0.228453,-0.158024,0.195406,-1.12726,-0.591557,-1.11312,-1.10306,0.0245393,-0.0666561,-0.286496,0.0203235,0.536356,0.688439,0.686724,0.605603,0.173267,0.719496,1.00553,1.08559,0.96828,0,0,0,
0,0.5843,-0.0480421,-0.193745,-0.382192,-0.155445,0.154431,0.218711,1.48949,-0.429648,-1.50812,0.224772,-0.170411,0.188527,-1.12098,-0.60244,-1.11128,-1.0967,0.0223803,-0.0684248,-0.286125,0.0249116,0.535401,0.687697,0.68514,0.603502,0.17691,0.719283,1.0059,1.08412,0.966506,0,0,0,
0,0.515085,-0.0491996,-0.161339,-0.360874,-0.121131,0.148342,0.272062,1.48638,-0.431404,-1.50078,0.228833,-0.181857,0.197935,-1.12176,-0.608136,-1.12752,-1.12746,0.0189071,-0.04673,-0.289655,0.0174316,0.533889,0.686273,0.683196,0.6034,0.174226,0.719402,1.00668,1.08607,0.970195,0,0,0,
0,0.445638,-0.0511637,-0.131145,-0.341019,-0.0885042,0.138245,0.154903,1.49623,-0.358156,-1.5065,0.230197,-0.187182,0.161347,-1.09743,-0.6588,-1.12789,-1.11685,0.0253306,-0.05277,-0.295397,0.0147478,0.532203,0.684048,0.680894,0.601937,0.160174,0.718917,1.00695,1.08918,0.971291,0,0,0,
0,0.39081,-0.0441126,-0.111844,-0.294966,-0.0826429,0.13501,0.103274,1.49618,-0.312031,-1.48848,0.234332,-0.186354,0.147743,-1.10568,-0.655903,-1.12668,-1.10765,0.0240266,-0.0755358,-0.292278,0.0172238,0.531249,0.683671,0.678652,0.601218,0.159986,0.718635,1.00763,1.08607,0.970212,0,0,0,
0,0.304666,-0.0323259,-0.0822824,-0.237024,-0.0718649,0.127058,0.00689355,1.4901,-0.207136,-1.48532,0.234053,-0.190439,0.136556,-1.09746,-0.685375,-1.12093,-1.1076,0.0347914,-0.0826545,-0.296994,0.0167721,0.53046,0.682167,0.67669,0.601303,0.167697,0.716568,1.00727,1.08476,0.970612,0,0,0,
0,0.200896,-0.0234962,-0.0472719,-0.138351,-0.0663707,0.119169,-0.10153,1.47043,-0.10126,-1.44916,0.233072,-0.184911,0.126378,-1.09068,-0.699313,-1.11505,-1.11378,0.0467002,-0.0945987,-0.296301,0.00957372,0.529249,0.681166,0.676526,0.601285,0.171049,0.715281,1.00632,1.08255,0.967013,0,0,0,
0,0.161645,-0.0213777,-0.0348218,-0.110622,-0.061493,0.11154,-0.159789,1.45742,-0.0408676,-1.44938,0.231368,-0.177242,0.122563,-1.08023,-0.71233,-1.10369,-1.10567,0.0553433,-0.0947323,-0.29756,0.00331778,0.528823,0.680664,0.676191,0.603031,0.173302,0.713142,1.00742,1.0832,0.966282,0,0,0,
0,0.0918205,-0.0141289,-0.0176812,-0.0498705,-0.061288,0.102477,-0.243031,1.42707,0.0366639,-1.43803,0.203918,-0.185995,0.113248,-1.05643,-0.736508,-1.07538,-1.09588,0.0670516,-0.10549,-0.29462,0.00873634,0.526262,0.677469,0.672629,0.603192,0.174069,0.710836,1.00557,1.081,0.96377,0,0,0,
0,0.0387104,-0.00423226,-0.00501451,0.00119685,-0.067948,0.0937553,-0.396422,1.36618,0.17972,-1.41241,0.204927,-0.150772,0.0856866,-1.03062,-0.758959,-1.0422,-1.08615,0.0778127,-0.109275,-0.289285,0.00257666,0.526768,0.675884,0.670742,0.606217,0.168457,0.710821,1.00544,1.08129,0.965968,0,0,0,
0,0.0129934,-0.000718518,0.00192739,0.0309037,-0.0714288,0.087012,-0.428928,1.34228,0.227973,-1.38703,0.194199,-0.137562,0.0870689,-1.00153,-0.775432,-1.02601,-1.09798,0.0877618,-0.101089,-0.290594,-0.00170963,0.526927,0.67522,0.670399,0.605647,0.171283,0.711545,1.00483,1.08265,0.967361,0,0,0,
0,-0.0240518,0.00128271,0.00997661,0.0698018,-0.0728018,0.0790526,-0.480105,1.29143,0.298795,-1.34014,0.157482,-0.118567,0.10319,-0.950519,-0.793609,-0.982882,-1.09598,0.109572,-0.0907651,-0.294822,-0.000890718,0.529537,0.678463,0.673063,0.610522,0.16757,0.710933,1.00389,1.0793,0.967563,0,0,0,
0,-0.0364574,-0.00187239,0.0127771,0.0871828,-0.0718111,0.0753326,-0.510297,1.23664,0.323608,-1.31812,0.147419,-0.0951434,0.114428,-0.903786,-0.808908,-0.947317,-1.08673,0.118432,-0.103603,-0.293596,-0.00189151,0.530698,0.682794,0.677251,0.616728,0.171502,0.707231,1.00327,1.07794,0.964151,0,0,0,
0,-0.053008,-0.00845472,0.0159872,0.109976,-0.0659647,0.0676397,-0.539802,1.14482,0.347634,-1.26821,0.082497,-0.0397467,0.133705,-0.827386,-0.824098,-0.871494,-1.0814,0.150727,-0.103628,-0.294019,-0.00296282,0.534732,0.689391,0.684138,0.626822,0.16678,0.702652,1.0015,1.07158,0.96309,0,0,0,
0,-0.068334,-0.0163077,0.0178986,0.128248,-0.0559925,0.0579898,-0.542141,1.04971,0.344182,-1.20475,0.00969932,0.00221646,0.146795,-0.740615,-0.830513,-0.785716,-1.07236,0.213985,-0.091741,-0.289982,1.00324e-05,0.537746,0.694754,0.690266,0.63367,0.167088,0.698421,1.00376,1.06887,0.965798,0,0,0,
0,-0.0732788,-0.0206841,0.0190316,0.136968,-0.0507851,0.053075,-0.535786,1.00505,0.331678,-1.16959,-0.0158927,0.0157911,0.148619,-0.704886,-0.828521,-0.747723,-1.06835,0.241091,-0.0859773,-0.284058,0.00766234,0.536963,0.697876,0.694323,0.635543,0.167945,0.694601,0.999655,1.06113,0.964859,0,0,0,
0,-0.0820808,-0.0293981,0.0221248,0.150184,-0.0392917,0.0405281,-0.514144,0.933319,0.327799,-1.08935,-0.0569935,0.0378792,0.131628,-0.625754,-0.813537,-0.666231,-1.04875,0.296848,-0.0750557,-0.273103,0.014534,0.537165,0.691061,0.690838,0.635452,0.174427,0.684371,0.983096,1.03951,0.946242,0,0,0,
0,-0.0893272,-0.0376764,0.0263246,0.158468,-0.0300975,0.0288651,-0.485103,0.863696,0.326269,-1.01543,-0.0653663,0.0570495,0.12327,-0.550805,-0.7851,-0.58742,-1.02433,0.365528,-0.0523353,-0.264954,0.0180043,0.534968,0.680176,0.6866,0.633971,0.174212,0.667059,0.944473,1.00489,0.929845,0,0,0,
0,-0.0895676,-0.0408367,0.0276184,0.158917,-0.0274864,0.0239314,-0.473626,0.83532,0.341193,-0.964705,-0.0874522,0.0670442,0.121778,-0.506728,-0.764079,-0.544435,-1.01332,0.405088,-0.0384853,-0.260519,0.0134122,0.531495,0.671057,0.680475,0.631304,0.172831,0.65218,0.925062,0.987872,0.914262,0,0,0,
0,-0.0887514,-0.0500749,0.0302276,0.15607,-0.0213633,0.0147874,-0.440758,0.764599,0.334173,-0.876696,-0.134277,0.0881631,0.139186,-0.445285,-0.723601,-0.473444,-0.968056,0.458116,-0.0228813,-0.2436,0.0249172,0.52579,0.654625,0.669849,0.624028,0.17198,0.623465,0.879431,0.930095,0.866982,0,0,0,
0,-0.0857722,-0.0574997,0.0300503,0.147001,-0.0158185,0.0111027,-0.412343,0.715365,0.319085,-0.781291,-0.216159,0.0926443,0.156327,-0.391847,-0.667474,-0.405411,-0.917913,0.511235,-0.0109257,-0.23074,0.0340907,0.516747,0.639406,0.658771,0.617989,0.182565,0.575774,0.811291,0.853713,0.816106,0,0,0,
0,-0.0840623,-0.0610944,0.0292835,0.14206,-0.0143363,0.0110053,-0.396316,0.683899,0.303134,-0.742736,-0.24106,0.0911547,0.161633,-0.371285,-0.642686,-0.383507,-0.880497,0.532591,-0.00986296,-0.222633,0.0369891,0.512718,0.630996,0.649636,0.613042,0.184227,0.552485,0.771331,0.813192,0.783902,0,0,0,
0,-0.0806862,-0.0653078,0.0263621,0.131887,-0.0144913,0.0128307,-0.374867,0.63619,0.278019,-0.656226,-0.297246,0.117824,0.172313,-0.340172,-0.594273,-0.349272,-0.818057,0.561794,0.00667561,-0.201296,0.0403948,0.501796,0.607543,0.625738,0.599184,0.188341,0.499229,0.691486,0.741383,0.719092,0,0,0,
0,-0.0747543,-0.0748484,0.0211057,0.115544,-0.0121822,0.0170229,-0.344944,0.592123,0.271911,-0.585474,-0.323285,0.131136,0.162589,-0.316214,-0.542133,-0.350641,-0.732117,0.568037,0.0204113,-0.18578,0.0397593,0.475739,0.573294,0.592938,0.581497,0.179356,0.450738,0.612297,0.653885,0.648504,0,0,0,
0,-0.0720558,-0.0778868,0.0189836,0.106644,-0.0130126,0.018001,-0.333502,0.57363,0.273469,-0.553792,-0.330092,0.13384,0.156141,-0.309016,-0.511647,-0.348311,-0.689101,0.563893,0.0215087,-0.180543,0.0419441,0.461588,0.554382,0.575925,0.568956,0.178003,0.4306,0.573184,0.613257,0.617802,0,0,0,
0,-0.0650182,-0.0812785,0.0135045,0.0856743,-0.0171386,0.0170419,-0.309395,0.532586,0.214198,-0.478765,-0.32235,0.13024,0.135057,-0.29932,-0.462462,-0.351775,-0.598648,0.568535,0.0196831,-0.175702,0.0425898,0.439769,0.514652,0.537673,0.54739,0.179915,0.411038,0.519524,0.55467,0.578603,0,0,0,
0,-0.0603731,-0.0825789,0.0106497,0.0747189,-0.0206048,0.0158924,-0.300116,0.514497,0.184973,-0.448852,-0.303141,0.131636,0.120121,-0.295244,-0.430794,-0.356827,-0.5477,0.578114,0.0197062,-0.17605,0.0441352,0.431505,0.497171,0.520391,0.533104,0.175537,0.411169,0.502664,0.536881,0.563588,0,0,0,
0,-0.0512041,-0.0846015,0.00506795,0.0523788,-0.0311498,0.0126559,-0.283689,0.476399,0.179811,-0.390634,-0.290685,0.120431,0.115779,-0.291785,-0.386502,-0.266672,-0.465739,0.54091,0.0355123,-0.16274,0.0471764,0.422302,0.470516,0.494027,0.5142,0.179672,0.414351,0.486407,0.513602,0.542184,0,0,0,
0,-0.0441027,-0.0901872,-0.000917212,0.0286452,-0.0363008,0.00811262,-0.27387,0.445649,0.224967,-0.327288,-0.317031,0.0990996,0.124722,-0.29548,-0.339501,-0.258461,-0.37289,0.483337,0.0485787,-0.145352,0.0524985,0.420015,0.458518,0.473462,0.495683,0.182406,0.42278,0.478429,0.495283,0.524462,0,0,0,
0,-0.0397419,-0.0932567,-0.00418218,0.0166665,-0.0371625,0.00577294,-0.271128,0.430927,0.267907,-0.293084,-0.34215,0.0843325,0.127364,-0.297562,-0.319362,-0.289843,-0.329958,0.479901,0.0456497,-0.144622,0.053782,0.420103,0.45534,0.466421,0.488705,0.185387,0.426686,0.474989,0.488698,0.517026,0,0,0,
0,-0.0369107,-0.0981003,-0.00757218,0.00171743,-0.0368713,0.00170594,-0.262656,0.396001,0.345898,-0.234298,-0.405453,0.0650701,0.1313,-0.300385,-0.292551,-0.414313,-0.25726,0.519728,0.039442,-0.141942,0.0562257,0.417691,0.448626,0.454627,0.477246,0.186466,0.425868,0.464642,0.467922,0.498428,0,0,0,
0,-0.0326136,-0.0989096,-0.00981055,-0.0121189,-0.0394688,-0.0034214,-0.255624,0.366757,0.41758,-0.185251,-0.474562,0.0402627,0.134051,-0.310457,-0.235188,-0.516408,-0.18382,0.588585,0.0293038,-0.158595,0.0551849,0.416642,0.443547,0.446021,0.469769,0.185911,0.421381,0.455241,0.448404,0.48255,0,0,0,
0,-0.0316836,-0.0972736,-0.0102596,-0.0179976,-0.0398938,-0.0058182,-0.252747,0.354453,0.454817,-0.164952,-0.502279,0.0329594,0.130565,-0.311829,-0.212545,-0.573396,-0.149371,0.639021,0.0184886,-0.165206,0.0566357,0.41583,0.441349,0.443229,0.466897,0.184907,0.420105,0.452266,0.442257,0.475775,0,0,0,
0,-0.0301608,-0.0909073,-0.0109247,-0.0258891,-0.0369991,-0.0112395,-0.247516,0.332235,0.514272,-0.137309,-0.538765,0.0207087,0.11714,-0.310872,-0.182117,-0.669957,-0.100652,0.729186,-0.00603165,-0.164894,0.0546985,0.414035,0.437559,0.438995,0.462373,0.183455,0.417971,0.448949,0.433698,0.466451,0,0,0,
0,-0.030188,-0.0847052,-0.0114224,-0.0274711,-0.0209893,-0.0173544,-0.236476,0.30816,0.590804,-0.122136,-0.586256,0.00486462,0.111911,-0.301976,-0.164297,-0.691163,-0.0793455,0.77596,-0.0245816,-0.160014,0.0543972,0.413519,0.435449,0.436618,0.460428,0.181955,0.418349,0.448013,0.430261,0.465169,0,0,0,
0,-0.0306521,-0.0809601,-0.0110133,-0.0251297,-0.0103825,-0.0210913,-0.231955,0.298173,0.612744,-0.119445,-0.602884,-0.00187637,0.111655,-0.297501,-0.15921,-0.672818,-0.0765233,0.774364,-0.0302788,-0.156865,0.0546404,0.413482,0.434826,0.435896,0.459877,0.181448,0.418541,0.448908,0.430068,0.465055,0,0,0,
0,-0.0306778,-0.0708793,-0.0111496,-0.0217981,0.00935999,-0.0274066,-0.226891,0.282474,0.629794,-0.116479,-0.621504,-0.0116593,0.113685,-0.295261,-0.152679,-0.66157,-0.077503,0.75471,-0.0322455,-0.151823,0.0536267,0.412835,0.434004,0.43469,0.45829,0.180165,0.420492,0.449682,0.429092,0.464375,0,0,0,
0,-0.0295568,-0.0606235,-0.0136276,-0.0184727,0.0265768,-0.0323463,-0.225326,0.267127,0.605624,-0.115027,-0.612491,-0.0183559,0.117917,-0.293029,-0.145474,-0.657852,-0.0802168,0.740172,-0.0308814,-0.148679,0.0534433,0.412154,0.433212,0.433736,0.457046,0.178676,0.420956,0.449705,0.42848,0.463559,0,0,0,
0,-0.0278898,-0.0555568,-0.0159908,-0.019052,0.0304955,-0.0332246,-0.227043,0.261074,0.589409,-0.11528,-0.598826,-0.0212629,0.117584,-0.29268,-0.143321,-0.668843,-0.0838529,0.741795,-0.0313934,-0.148509,0.0531858,0.411612,0.432616,0.433393,0.456133,0.177846,0.421588,0.449734,0.428241,0.463256,0,0,0,
0,-0.0265665,-0.0506284,-0.0211804,-0.0215672,0.0377365,-0.0327757,-0.230886,0.251038,0.558226,-0.117932,-0.570134,-0.0264125,0.118335,-0.290304,-0.139488,-0.659669,-0.0919018,0.733891,-0.0282519,-0.146543,0.0529462,0.411666,0.432011,0.432802,0.455262,0.175519,0.421527,0.44918,0.427374,0.462672,0,0,0,
0,-0.0262939,-0.0488078,-0.0236913,-0.0230639,0.0379526,-0.0314934,-0.233008,0.246729,0.54511,-0.120416,-0.556532,-0.0279286,0.119013,-0.288834,-0.137106,-0.657997,-0.0954143,0.732727,-0.0271488,-0.147219,0.0528691,0.4118,0.431945,0.432574,0.454889,0.174984,0.421427,0.449192,0.427643,0.46292,0,0,0,
0,-0.0269367,-0.0440924,-0.0295016,-0.0263521,0.030482,-0.0281123,-0.238515,0.236446,0.510231,-0.127075,-0.521057,-0.0294103,0.119884,-0.288578,-0.132563,-0.646116,-0.102694,0.731221,-0.0256542,-0.14614,0.0529724,0.411599,0.431351,0.431978,0.453718,0.174935,0.421331,0.449493,0.427268,0.462516,0,0,0,
0,-0.0302496,-0.038613,-0.0348762,-0.0283006,0.0182529,-0.0255818,-0.243553,0.225199,0.477426,-0.133467,-0.484557,-0.0289439,0.120132,-0.288159,-0.127914,-0.635525,-0.110333,0.720253,-0.021789,-0.144034,0.0535437,0.410903,0.429805,0.43033,0.451645,0.174702,0.419771,0.449072,0.425624,0.460791,0,0,0,
0,-0.0315894,-0.0361856,-0.0368997,-0.0294257,0.0103725,-0.0251208,-0.246285,0.218759,0.461625,-0.136408,-0.467135,-0.02906,0.120855,-0.288251,-0.125848,-0.63908,-0.11322,0.716707,-0.0196372,-0.143304,0.0543818,0.410376,0.42885,0.429162,0.450174,0.174129,0.418858,0.448856,0.424526,0.459291,0,0,0,
0,-0.0320665,-0.027014,-0.0406744,-0.0297177,-0.00809143,-0.0246523,-0.25385,0.207066,0.439548,-0.140223,-0.438678,-0.0294649,0.121493,-0.286877,-0.119506,-0.633095,-0.118653,0.706669,-0.0175685,-0.143877,0.0552265,0.409459,0.426125,0.425989,0.446421,0.173579,0.416771,0.44828,0.422235,0.456356,0,0,0,
0,-0.0340196,-0.0163363,-0.042786,-0.0284647,-0.0244222,-0.0241286,-0.256382,0.19507,0.419553,-0.143835,-0.412381,-0.0303671,0.120365,-0.284625,-0.11295,-0.624784,-0.121942,0.694014,-0.0137139,-0.147924,0.0559363,0.40783,0.420752,0.42035,0.440763,0.172629,0.414933,0.447659,0.419959,0.453439,0,0,0,
0,-0.0357692,-0.00957615,-0.0422208,-0.0266932,-0.0326924,-0.0245576,-0.257436,0.189742,0.410332,-0.14625,-0.404191,-0.0302933,0.121038,-0.285422,-0.110395,-0.632798,-0.123231,0.687489,-0.0104052,-0.15142,0.0563212,0.407092,0.418228,0.41791,0.438104,0.171938,0.41468,0.447905,0.419135,0.451017,0,0,0,
0,-0.041442,-0.000823755,-0.0391166,-0.0195965,-0.0415355,-0.0259545,-0.257364,0.182657,0.403451,-0.147092,-0.392087,-0.0270372,0.119367,-0.284626,-0.103722,-0.636093,-0.121824,0.676973,-0.00780738,-0.15729,0.0570021,0.40526,0.412504,0.411958,0.431991,0.171693,0.415411,0.449031,0.419249,0.445361,0,0,0,
0,-0.0449903,0.000382756,-0.0340931,-0.0149557,-0.044964,-0.0258253,-0.252087,0.175764,0.415044,-0.143554,-0.390837,-0.0242962,0.116352,-0.280182,-0.101227,-0.650537,-0.120598,0.678986,-0.00499605,-0.160382,0.0565197,0.402494,0.405982,0.404973,0.425342,0.172123,0.415063,0.448943,0.41791,0.443173,0,0,0,
0,-0.0459671,0.000776604,-0.0322878,-0.0135201,-0.0492229,-0.024684,-0.250022,0.173448,0.420725,-0.141448,-0.393086,-0.0245062,0.115036,-0.279873,-0.0997836,-0.655277,-0.119975,0.682464,-0.00383111,-0.162043,0.0561101,0.401281,0.403167,0.401601,0.422425,0.172126,0.414691,0.448939,0.416392,0.442456,0,0,0,
0,-0.0467085,-0.000738577,-0.0291992,-0.0115756,-0.0543676,-0.0230793,-0.242988,0.169393,0.430433,-0.138665,-0.397789,-0.025751,0.111098,-0.278273,-0.095912,-0.665616,-0.115582,0.697502,-0.00284832,-0.163725,0.0552569,0.397449,0.395807,0.394555,0.41571,0.172929,0.413913,0.448143,0.412339,0.441211,0,0,0,
0,-0.0475511,-0.00353134,-0.0260879,-0.0109537,-0.0582331,-0.0206544,-0.237154,0.165999,0.427472,-0.138802,-0.398675,-0.028571,0.112816,-0.276757,-0.0918459,-0.66264,-0.11235,0.707715,-0.00312797,-0.165786,0.0549561,0.395126,0.39076,0.388691,0.4111,0.173213,0.413776,0.447672,0.409433,0.440612,0,0,0,
0,-0.0478751,-0.00528482,-0.0251547,-0.0108187,-0.0597128,-0.0192122,-0.235677,0.164353,0.417164,-0.139352,-0.392064,-0.0294904,0.114245,-0.276064,-0.0901895,-0.657638,-0.11142,0.709181,-0.00383393,-0.165998,0.0550845,0.394489,0.389533,0.387216,0.409943,0.173423,0.413924,0.44802,0.40916,0.440906,0,0,0,
0,-0.0485943,-0.00837262,-0.0246799,-0.0102193,-0.0608967,-0.016174,-0.236242,0.16124,0.39091,-0.138742,-0.369519,-0.0296528,0.117213,-0.276142,-0.0853905,-0.649027,-0.110852,0.704886,-0.00270894,-0.164686,0.0543679,0.393619,0.388384,0.386004,0.40914,0.173129,0.414374,0.448542,0.409877,0.442535,0,0,0,
0,-0.0488232,-0.0086165,-0.0250035,-0.0103378,-0.059833,-0.0153356,-0.23814,0.159146,0.372687,-0.13808,-0.35307,-0.0290863,0.118401,-0.275769,-0.0825641,-0.646187,-0.110628,0.702775,-0.00248301,-0.164217,0.0538204,0.393346,0.388099,0.385634,0.408838,0.172722,0.414532,0.448421,0.409912,0.442996,0,0,0,
0,-0.0482572,-0.00805627,-0.0258111,-0.010401,-0.0545662,-0.0157052,-0.241526,0.157068,0.341096,-0.138323,-0.319403,-0.030203,0.118919,-0.274847,-0.0785929,-0.629655,-0.111091,0.694564,-0.00368435,-0.164619,0.0534384,0.393145,0.387752,0.385259,0.408477,0.172548,0.414958,0.448279,0.409464,0.443211,0,0,0,
0,-0.0462557,-0.0078519,-0.0259573,-0.00898225,-0.0436971,-0.0205338,-0.24394,0.158057,0.330532,-0.140366,-0.297808,-0.0299919,0.11697,-0.274896,-0.0770585,-0.620305,-0.111264,0.684687,-0.00249267,-0.16459,0.053128,0.393175,0.387629,0.385335,0.408181,0.172099,0.415209,0.448169,0.409118,0.443227,0,0,0,
0,-0.0450612,-0.00763069,-0.0261482,-0.00926583,-0.0398939,-0.0232736,-0.245679,0.158525,0.326698,-0.141277,-0.291355,-0.0281559,0.115975,-0.275312,-0.0766535,-0.615624,-0.11138,0.680065,-0.00176516,-0.164875,0.05274,0.393117,0.387574,0.385386,0.40812,0.172045,0.415263,0.448001,0.408864,0.443572,0,0,0,
0,-0.0437766,-0.0067305,-0.0270675,-0.0114126,-0.0364517,-0.0264887,-0.248417,0.157913,0.315877,-0.139506,-0.280474,-0.0234079,0.11605,-0.276018,-0.0759418,-0.609995,-0.110711,0.671207,-0.00065995,-0.165997,0.0521854,0.393041,0.387663,0.385614,0.408303,0.172024,0.415317,0.447886,0.40847,0.444387,0,0,0,
0,-0.0435255,-0.00567389,-0.0276904,-0.0133722,-0.037287,-0.0285769,-0.251206,0.157064,0.30523,-0.135459,-0.268939,-0.0214607,0.114201,-0.277208,-0.0758022,-0.604228,-0.109181,0.666963,-0.00126533,-0.167243,0.0522931,0.393025,0.387706,0.385802,0.408381,0.17181,0.41536,0.447959,0.408567,0.445711,0,0,0,
0,-0.0434368,-0.00498081,-0.0277053,-0.0135028,-0.0389325,-0.0294976,-0.252025,0.156566,0.301444,-0.133991,-0.263994,-0.0213103,0.113141,-0.277969,-0.0758625,-0.597381,-0.108712,0.662605,-0.00135664,-0.167427,0.0521855,0.39304,0.387755,0.385921,0.408415,0.171725,0.415441,0.447937,0.408605,0.446288,0,0,0,
0,-0.0438329,-0.00476839,-0.026896,-0.0128221,-0.041361,-0.0306179,-0.252256,0.155557,0.297288,-0.131984,-0.257001,-0.021701,0.110927,-0.279584,-0.0762837,-0.594862,-0.107863,0.658658,-0.00162877,-0.166797,0.0518702,0.392862,0.387683,0.385876,0.40819,0.171905,0.415767,0.448086,0.408404,0.446876,0,0,0,
0,-0.0439166,-0.00481714,-0.0260947,-0.0118055,-0.042253,-0.0309022,-0.252006,0.154512,0.294909,-0.131238,-0.252713,-0.0217619,0.109567,-0.280455,-0.0756514,-0.595104,-0.107492,0.656096,-0.000590151,-0.166048,0.0517068,0.39278,0.387699,0.386038,0.407952,0.171882,0.415946,0.448074,0.408327,0.447126,0,0,0,
0,-0.0437025,-0.00458452,-0.0259086,-0.0113815,-0.0425662,-0.031161,-0.252062,0.153858,0.292566,-0.131039,-0.250219,-0.0219689,0.108892,-0.280658,-0.0754352,-0.593438,-0.107438,0.656086,-0.00154439,-0.165855,0.0516523,0.392657,0.387737,0.386061,0.407828,0.172031,0.416099,0.448096,0.4084,0.447408,0,0,0,
0,-0.0435154,-0.00385891,-0.0254561,-0.0106724,-0.0450944,-0.0317565,-0.252821,0.153473,0.289002,-0.130996,-0.245493,-0.0216622,0.106878,-0.281784,-0.0747249,-0.585537,-0.10838,0.649527,-0.00140624,-0.165281,0.0513904,0.392562,0.38762,0.385926,0.407612,0.171909,0.416589,0.44821,0.408448,0.448094,0,0,0,
0,-0.0440203,-0.00251406,-0.0259611,-0.00990929,-0.047956,-0.0314752,-0.254078,0.152612,0.287718,-0.130392,-0.24252,-0.0212995,0.106012,-0.283991,-0.0735134,-0.581438,-0.108833,0.643654,-0.000747031,-0.165235,0.0512402,0.39245,0.387603,0.386004,0.407406,0.171782,0.416772,0.448181,0.408429,0.448823,0,0,0,
