0,-0.00201034,-0.0688261,0.0173881,-0.0164523,-0.11727,0.0281399,-0.0105372,0.0565557,-0.0679032,-0.395132,0.0584158,0.166051,-0.0575862,-0.079306,-0.0644941,-0.167349,-0.316623,0.192132,0.098463,0.00432502,0.0295373,0.272613,0.243112,0.201358,0.251493,0.0463445,0.264546,0.233061,0.182914,0.23369,0,0,0,
0,-0.00219718,-0.0686344,0.0174932,-0.0171399,-0.119442,0.0280517,-0.0114642,0.055962,-0.0685167,-0.394766,0.0585372,0.16628,-0.0574524,-0.0798165,-0.0642739,-0.166796,-0.316244,0.192402,0.0974748,0.00374386,0.029329,0.272493,0.242982,0.201483,0.251391,0.0466441,0.264812,0.23307,0.183063,0.233921,0,0,0,
0,-0.00321498,-0.0687463,0.0177964,-0.0170959,-0.12229,0.0282038,-0.0114366,0.0557738,-0.0689455,-0.394211,0.0584221,0.166206,-0.0569251,-0.0803295,-0.0642987,-0.167006,-0.316035,0.192589,0.0968289,0.00390063,0.0294383,0.272554,0.243082,0.201754,0.251587,0.0468642,0.26508,0.233151,0.183189,0.234084,0,0,0,
0,-0.00350007,-0.0687892,0.0179473,-0.0173623,-0.12442,0.0286037,-0.0116664,0.0552813,-0.0693043,-0.394004,0.0584454,0.16594,-0.0563435,-0.0807056,-0.0644021,-0.166886,-0.316263,0.192622,0.0966451,0.00442491,0.0294935,0.272667,0.243187,0.201923,0.251736,0.0469249,0.265118,0.233168,0.183057,0.234083,0,0,0,
0,-0.0042723,-0.0690577,0.0183125,-0.0172792,-0.128292,0.0298263,-0.012123,0.0546262,-0.0708118,-0.394237,0.0586419,0.165364,-0.0553557,-0.0814381,-0.0640056,-0.167186,-0.316807,0.192216,0.0967526,0.00563834,0.0297813,0.27274,0.243309,0.20211,0.251962,0.0469309,0.265169,0.232986,0.182858,0.233938,0,0,0,
0,-0.00482306,-0.0697093,0.0186635,-0.0172721,-0.129973,0.0306458,-0.0121032,0.054252,-0.0716142,-0.393788,0.0591088,0.165666,-0.055212,-0.0813935,-0.0632424,-0.166617,-0.316477,0.190924,0.0971642,0.005914,0.0296363,0.272733,0.243166,0.202173,0.252076,0.0467368,0.265067,0.232743,0.182657,0.233763,0,0,0,
0,-0.00500487,-0.0703742,0.0188071,-0.0174901,-0.129515,0.0308763,-0.0119201,0.0540218,-0.0716973,-0.393194,0.0597378,0.166007,-0.0549627,-0.0808745,-0.0630202,-0.166275,-0.315982,0.190588,0.0967835,0.00609125,0.0295881,0.272781,0.243213,0.202287,0.252512,0.0468209,0.265052,0.232592,0.182512,0.233683,0,0,0,
0,-0.00431679,-0.0709878,0.0187687,-0.0170717,-0.130231,0.0310616,-0.0121327,0.0537412,-0.071722,-0.392637,0.0604024,0.166817,-0.0541792,-0.080424,-0.0628376,-0.165029,-0.316377,0.188504,0.0957889,0.00598046,0.0292804,0.272676,0.2433,0.202544,0.252884,0.0468323,0.265251,0.23262,0.18254,0.233669,0,0,0,
0,-0.00450211,-0.0714119,0.0188987,-0.0166399,-0.133625,0.0310451,-0.0135452,0.0530172,-0.0734623,-0.390698,0.0623561,0.169482,-0.052558,-0.0807487,-0.0629728,-0.162982,-0.316778,0.185984,0.0957081,0.00447048,0.0286259,0.272554,0.243282,0.203089,0.252973,0.0469167,0.265747,0.232936,0.18291,0.233934,0,0,0,
0,-0.00463473,-0.0713345,0.0190024,-0.0167897,-0.136096,0.0305796,-0.015208,0.0524215,-0.0749572,-0.38887,0.0647277,0.170305,-0.0518273,-0.0813709,-0.0632722,-0.16181,-0.316648,0.184627,0.0953616,0.00295162,0.0287002,0.272551,0.243205,0.203362,0.252889,0.0471437,0.266101,0.233107,0.183268,0.234119,0,0,0,
0,-0.00516361,-0.0709628,0.0180508,-0.016209,-0.143534,0.0296486,-0.0185657,0.0516877,-0.0769661,-0.384838,0.0790966,0.169971,-0.0498552,-0.082703,-0.0635562,-0.160403,-0.315753,0.180391,0.0908383,-0.00577978,0.0293772,0.272743,0.243537,0.204052,0.252981,0.0492915,0.268072,0.232446,0.18468,0.23546,0,0,0,
0,-0.00459653,-0.0699259,0.0152031,-0.0171578,-0.154364,0.0286818,-0.0232818,0.0514654,-0.0766151,-0.380675,0.0828324,0.166571,-0.0480337,-0.0841269,-0.0631232,-0.159134,-0.314979,0.177894,0.0827221,-0.0247212,0.0291496,0.272555,0.243606,0.204577,0.253782,0.0532381,0.273634,0.229323,0.187384,0.238514,0,0,0,
0,-0.00441126,-0.0697645,0.0133516,-0.0170986,-0.160321,0.0272559,-0.0248897,0.0511185,-0.0777997,-0.380334,0.0807224,0.164299,-0.0464137,-0.0846978,-0.0626706,-0.15782,-0.314032,0.176148,0.0795187,-0.0309502,0.029084,0.272515,0.243816,0.204767,0.254083,0.0546483,0.276015,0.228446,0.187923,0.23963,0,0,0,
0,-0.00203951,-0.0690243,0.00802272,-0.019277,-0.174827,0.0228456,-0.0296381,0.050623,-0.0822759,-0.383252,0.0778409,0.162334,-0.0442144,-0.087085,-0.0626613,-0.153643,-0.31191,0.172695,0.0772014,-0.0346346,0.0285835,0.272425,0.244202,0.206182,0.254344,0.0567239,0.27879,0.2279,0.18883,0.241013,0,0,0,
0,0.000418335,-0.0693897,0.00487483,-0.0212212,-0.183924,0.0184245,-0.0317151,0.0506862,-0.0843532,-0.384494,0.0785441,0.162559,-0.0434082,-0.0873871,-0.0628595,-0.152794,-0.310817,0.172032,0.0775307,-0.0326413,0.0283063,0.272522,0.244518,0.20701,0.254492,0.0567375,0.280161,0.227951,0.189353,0.241097,0,0,0,
0,0.00672036,-0.0715629,-0.00127578,-0.0307895,-0.205407,0.00815937,-0.0348901,0.0508822,-0.0868972,-0.386592,0.0790655,0.164177,-0.0434131,-0.0872809,-0.0624275,-0.151813,-0.308684,0.17178,0.0797816,-0.0228456,0.0275395,0.272532,0.245408,0.208036,0.254712,0.0550976,0.2821,0.229777,0.189715,0.240453,0,0,0,
0,0.0128766,-0.072214,-0.00690865,-0.0467623,-0.240935,-0.0118376,-0.0380808,0.051778,-0.0874125,-0.3886,0.0814638,0.168057,-0.0438842,-0.0877167,-0.0611871,-0.151452,-0.308943,0.173946,0.0804354,-0.0152888,0.0268628,0.272793,0.246356,0.208511,0.254892,0.0540633,0.283801,0.232284,0.190419,0.240092,0,0,0,
0,0.0158729,-0.0719501,-0.00923236,-0.0529324,-0.255443,-0.0207887,-0.0389477,0.0521954,-0.0868771,-0.388461,0.0837328,0.171054,-0.0445194,-0.0882807,-0.0600754,-0.151503,-0.309823,0.175855,0.0811253,-0.0121647,0.0264869,0.272915,0.246632,0.208623,0.254987,0.0536659,0.28418,0.232974,0.190556,0.239876,0,0,0,
0,0.0196763,-0.0719047,-0.0120513,-0.0626407,-0.275893,-0.0364009,-0.0381397,0.0537719,-0.0853418,-0.385359,0.0873695,0.176073,-0.0440715,-0.0886335,-0.0573819,-0.152476,-0.310619,0.176229,0.0829856,-0.00733708,0.026505,0.273381,0.247338,0.209195,0.255227,0.0528123,0.284313,0.232867,0.190369,0.239459,0,0,0,
0,0.0214819,-0.072284,-0.0130807,-0.0746249,-0.289559,-0.0511165,-0.0355119,0.056047,-0.0824818,-0.380441,0.0886578,0.17798,-0.0424942,-0.0884278,-0.0543071,-0.151899,-0.311349,0.17507,0.0835227,-0.00508686,0.0265487,0.27355,0.247861,0.209516,0.255382,0.0524022,0.284091,0.232743,0.190087,0.23922,0,0,0,
0,0.0215536,-0.0728002,-0.0132343,-0.0790096,-0.29391,-0.0567804,-0.0338936,0.0574417,-0.0818864,-0.377948,0.0886026,0.177256,-0.041524,-0.0886372,-0.0532852,-0.152085,-0.312211,0.174366,0.0841396,-0.0044532,0.0267094,0.273491,0.248145,0.209634,0.255534,0.0523856,0.284014,0.23272,0.190052,0.239071,0,0,0,
0,0.0212822,-0.0742186,-0.0128478,-0.0877705,-0.302511,-0.0656923,-0.031814,0.0598125,-0.0814769,-0.374289,0.0866202,0.174414,-0.0388562,-0.0896247,-0.0520707,-0.150083,-0.312724,0.172311,0.0856953,-0.00385948,0.0275491,0.273668,0.249302,0.211635,0.256314,0.0522765,0.283896,0.232624,0.189884,0.238815,0,0,0,
0,0.0212925,-0.0754548,-0.012273,-0.0905141,-0.308785,-0.0684419,-0.031038,0.0613979,-0.0840226,-0.372828,0.0848767,0.169741,-0.0386877,-0.089799,-0.0519848,-0.147676,-0.313006,0.168572,0.0864478,-0.00370526,0.0280247,0.273719,0.250262,0.212079,0.256693,0.0520936,0.283906,0.232576,0.189543,0.238374,0,0,0,
0,0.0212004,-0.0761627,-0.0123563,-0.092022,-0.310868,-0.0677242,-0.0312509,0.0623433,-0.0849309,-0.373163,0.0838062,0.167735,-0.0392249,-0.0896275,-0.0523548,-0.147249,-0.313286,0.166972,0.0869728,-0.00342295,0.0280069,0.273673,0.2505,0.211983,0.256718,0.0520034,0.283874,0.232549,0.189309,0.238196,0,0,0,
0,0.0207803,-0.076962,-0.0132928,-0.0946326,-0.312929,-0.0644684,-0.0320765,0.0641728,-0.0862855,-0.376208,0.0797748,0.165151,-0.041112,-0.0890093,-0.0526475,-0.146477,-0.31362,0.164726,0.0867947,-0.0028607,0.0275791,0.273796,0.250747,0.211998,0.256736,0.0521176,0.284177,0.232654,0.189095,0.238014,0,0,0,
0,0.0209639,-0.0767788,-0.0149087,-0.0967677,-0.313564,-0.0618823,-0.0329012,0.0656322,-0.0865433,-0.378447,0.0786433,0.165197,-0.0422444,-0.0881171,-0.0525156,-0.146269,-0.314704,0.164152,0.0860512,-0.00178867,0.0274347,0.273951,0.251083,0.212,0.256718,0.0522503,0.284582,0.232939,0.188958,0.237928,0,0,0,
0,0.0226051,-0.076514,-0.0181148,-0.105091,-0.31865,-0.0479007,-0.0336809,0.0684314,-0.0853366,-0.380714,0.0783906,0.167965,-0.044533,-0.0881422,-0.0515633,-0.146046,-0.316535,0.164814,0.08548,-0.000752949,0.0270299,0.274138,0.251719,0.212082,0.256839,0.052325,0.28525,0.233508,0.188955,0.237993,0,0,0,
0,0.0271951,-0.0756897,-0.0219806,-0.128798,-0.332076,-0.0199903,-0.0338984,0.0709866,-0.0823673,-0.380691,0.0781314,0.173004,-0.0455825,-0.0901813,-0.0492843,-0.142924,-0.317499,0.168571,0.0851411,-0.00319319,0.0272492,0.274516,0.252548,0.212409,0.256808,0.0523688,0.286245,0.234369,0.189376,0.238024,0,0,0,
0,0.0296114,-0.0751028,-0.0238574,-0.135409,-0.339286,0.00350101,-0.0339183,0.0714726,-0.0812762,-0.378826,0.0791334,0.175373,-0.0457722,-0.0919392,-0.0478377,-0.140062,-0.317072,0.169872,0.0850207,-0.00350471,0.0274976,0.274642,0.253023,0.212566,0.256639,0.0524292,0.2865,0.234775,0.189428,0.238037,0,0,0,
0,0.033677,-0.0743852,-0.0258609,-0.126173,-0.346009,0.0506452,-0.0311006,0.0710129,-0.0795581,-0.373903,0.0839497,0.17859,-0.045325,-0.0939282,-0.0457756,-0.134596,-0.315636,0.1698,0.0851777,-0.00359088,0.0283409,0.274909,0.253767,0.212554,0.256512,0.0520089,0.286563,0.235217,0.189355,0.237934,0,0,0,
0,0.0334034,-0.0742669,-0.0240105,-0.0961469,-0.346248,0.0882313,-0.0271335,0.0691923,-0.0784039,-0.369467,0.0899077,0.174881,-0.0432586,-0.0956334,-0.0450194,-0.129272,-0.313734,0.172017,0.0872982,-0.00467495,0.0288944,0.274884,0.254305,0.212471,0.256236,0.0515573,0.286412,0.235377,0.189679,0.2379,0,0,0,
0,0.032051,-0.0741387,-0.0211115,-0.0705627,-0.344044,0.108447,-0.0254973,0.0679927,-0.0779978,-0.368851,0.0919227,0.171282,-0.0419574,-0.0954993,-0.0447647,-0.124699,-0.312615,0.172919,0.0885097,-0.00647112,0.0290206,0.274762,0.254462,0.212306,0.256159,0.0513878,0.286323,0.235454,0.189891,0.237829,0,0,0,
0,0.0274014,-0.0741591,-0.0126623,-0.0196805,-0.340266,0.134886,-0.0247567,0.0649398,-0.0792462,-0.370951,0.0944879,0.163571,-0.0386123,-0.0945542,-0.0465326,-0.112091,-0.311493,0.17227,0.0926418,-0.00994273,0.0293891,0.274742,0.254983,0.212028,0.256338,0.0510356,0.286409,0.236072,0.190483,0.238033,0,0,0,
0,0.0234427,-0.075501,-0.00263415,0.0168288,-0.336314,0.148234,-0.027448,0.0640337,-0.0808245,-0.374484,0.0965879,0.160872,-0.0379211,-0.0928753,-0.0492295,-0.102552,-0.309554,0.169327,0.0970804,-0.0105339,0.0292514,0.274641,0.255439,0.211664,0.256484,0.0511119,0.286184,0.236288,0.19035,0.237883,0,0,0,
0,0.0208619,-0.0768507,0.00426897,0.0330266,-0.334147,0.150234,-0.0290914,0.0631912,-0.0814538,-0.375704,0.097063,0.160167,-0.0381637,-0.0913492,-0.0512166,-0.0991643,-0.308319,0.16621,0.0974738,-0.0104379,0.02975,0.274604,0.255833,0.211556,0.256684,0.0512285,0.286184,0.236581,0.190342,0.237839,0,0,0,
0,0.0164419,-0.079091,0.0174599,0.0585646,-0.332738,0.151851,-0.0332648,0.0621926,-0.0804994,-0.3767,0.0970142,0.161311,-0.0404953,-0.0891077,-0.0547723,-0.095164,-0.308875,0.163653,0.0973869,-0.00967106,0.0298751,0.274665,0.256178,0.211566,0.256948,0.0513458,0.286444,0.237346,0.190757,0.237916,0,0,0,
0,0.0111278,-0.083838,0.0299576,0.080323,-0.333352,0.154221,-0.0349919,0.0608039,-0.078472,-0.374955,0.0957112,0.163268,-0.0432277,-0.0879058,-0.0578041,-0.0951878,-0.310085,0.164467,0.0993916,-0.00966352,0.0297164,0.274786,0.256513,0.211501,0.257104,0.0513695,0.286405,0.237699,0.190941,0.238196,0,0,0,
0,0.00736511,-0.0872611,0.0370473,0.0918522,-0.333263,0.155714,-0.0350611,0.0593064,-0.0773026,-0.373383,0.093854,0.16435,-0.0448217,-0.0876442,-0.0596143,-0.094716,-0.310133,0.166526,0.101516,-0.0115195,0.0297743,0.274837,0.256864,0.211647,0.257131,0.0513054,0.286234,0.237771,0.191052,0.238318,0,0,0,
0,0.00149669,-0.0932685,0.0480211,0.109545,-0.334634,0.162503,-0.0338167,0.0569775,-0.0740449,-0.370319,0.0929069,0.165259,-0.0471199,-0.0875752,-0.0599433,-0.0894023,-0.309992,0.170748,0.108268,-0.0200261,0.0295236,0.275156,0.257443,0.211967,0.25747,0.0508401,0.286475,0.238719,0.191601,0.238891,0,0,0,
0,-0.00205139,-0.0955388,0.0581865,0.123459,-0.341803,0.178419,-0.0325502,0.0535716,-0.0715398,-0.369813,0.089158,0.16328,-0.0469004,-0.0899562,-0.0608885,-0.0783761,-0.310645,0.167519,0.121623,-0.035676,0.0295422,0.275235,0.257943,0.212079,0.257792,0.0521534,0.287436,0.240887,0.193629,0.240574,0,0,0,
0,-0.00297366,-0.0947304,0.0622322,0.129018,-0.345712,0.185236,-0.0326488,0.0523153,-0.07155,-0.370212,0.0879376,0.162385,-0.0464221,-0.0913881,-0.0614634,-0.0731027,-0.309801,0.164285,0.12558,-0.0420745,0.0296551,0.275284,0.258259,0.212061,0.258496,0.0552418,0.28819,0.242114,0.194485,0.241104,0,0,0,
0,-0.00333783,-0.0946676,0.0671407,0.134964,-0.34989,0.194713,-0.0314144,0.0521081,-0.0721973,-0.370751,0.0864984,0.161561,-0.0454369,-0.0911847,-0.0631969,-0.0648007,-0.307061,0.156942,0.124347,-0.0472024,0.0295179,0.275354,0.259076,0.212423,0.260517,0.0597491,0.290641,0.244557,0.196444,0.242462,0,0,0,
0,-0.00310016,-0.0942488,0.068618,0.136507,-0.352615,0.196487,-0.0317292,0.0524127,-0.0722914,-0.371673,0.0857224,0.16113,-0.0454275,-0.091557,-0.0649085,-0.0626219,-0.307872,0.15316,0.121365,-0.0499211,0.0295142,0.275439,0.259513,0.212671,0.261522,0.0619196,0.292734,0.246622,0.198375,0.243893,0,0,0,
0,-0.00335131,-0.0934345,0.0699553,0.135835,-0.356118,0.197663,-0.0326697,0.0533966,-0.0717262,-0.372629,0.0848262,0.163241,-0.045983,-0.092272,-0.0687958,-0.0615836,-0.309741,0.149135,0.11471,-0.0534788,0.0292091,0.275594,0.26092,0.214638,0.264484,0.0651557,0.296474,0.249813,0.201548,0.24669,0,0,0,
0,-0.00346909,-0.0921291,0.0703799,0.133914,-0.355657,0.195051,-0.0323404,0.0531653,-0.0706443,-0.370971,0.0839107,0.165561,-0.0449158,-0.0926257,-0.0718715,-0.0611335,-0.311849,0.147922,0.109506,-0.0579422,0.0291402,0.276874,0.2648,0.222713,0.269862,0.0684435,0.301436,0.255737,0.207813,0.253086,0,0,0,
0,-0.00345272,-0.0918411,0.0704535,0.1334,-0.355407,0.194175,-0.0317834,0.0524399,-0.0700843,-0.369319,0.0837821,0.166036,-0.0437865,-0.0926854,-0.0726566,-0.0602534,-0.312977,0.149456,0.106749,-0.0611862,0.0289794,0.277834,0.267277,0.230219,0.273748,0.0706869,0.305239,0.260434,0.21503,0.258508,0,0,0,
0,-0.00436221,-0.0924414,0.0699862,0.133036,-0.352693,0.188075,-0.0309857,0.0508139,-0.070348,-0.365099,0.0841353,0.164462,-0.0357694,-0.0933676,-0.0743044,-0.0594571,-0.314599,0.147656,0.104236,-0.0731776,0.0290624,0.279545,0.27143,0.252447,0.287338,0.0744965,0.31496,0.278937,0.231808,0.27273,0,0,0,
0,-0.00629544,-0.0921155,0.0681884,0.130005,-0.351049,0.179046,-0.0298373,0.0476791,-0.0814814,-0.364416,0.0726955,0.152109,-0.00461116,-0.094372,-0.0742289,-0.0567923,-0.31584,0.149897,0.109682,-0.110548,0.0325345,0.285701,0.278681,0.288486,0.341159,0.0830069,0.332249,0.30334,0.25847,0.293576,0,0,0,
0,-0.00689211,-0.0906167,0.067024,0.126224,-0.351974,0.173285,-0.0313087,0.0468945,-0.0933923,-0.367894,0.0648317,0.145233,0.0139545,-0.0956809,-0.0738637,-0.0504131,-0.316353,0.149017,0.117772,-0.132337,0.034406,0.287275,0.281724,0.309439,0.368779,0.0888219,0.341109,0.314728,0.270837,0.303743,0,0,0,
0,-0.00876781,-0.0879704,0.0639628,0.114612,-0.350112,0.162898,-0.0382713,0.0529592,-0.125444,-0.377856,0.0535602,0.133878,0.0401426,-0.0966874,-0.0741596,-0.0402243,-0.313081,0.139945,0.136992,-0.160441,0.0358606,0.291383,0.288018,0.336025,0.399706,0.099521,0.349398,0.327715,0.287403,0.317445,0,0,0,
0,-0.00847884,-0.0867305,0.0582743,0.0971753,-0.342167,0.148355,-0.0489239,0.0673021,-0.150296,-0.391649,0.0534444,0.13073,0.0444779,-0.0944871,-0.0767245,-0.0324428,-0.303639,0.124143,0.158517,-0.170182,0.036054,0.293816,0.291753,0.343957,0.408481,0.10062,0.348753,0.330303,0.292686,0.32313,0,0,0,
0,-0.00807236,-0.0871735,0.0537125,0.0874936,-0.337485,0.13809,-0.0543599,0.0760227,-0.155436,-0.396693,0.0527225,0.129771,0.0426911,-0.092107,-0.0784965,-0.0307203,-0.29694,0.117883,0.165876,-0.170047,0.0367049,0.294581,0.29288,0.344402,0.408807,0.103683,0.347882,0.330231,0.292709,0.324156,0,0,0,
0,-0.00633855,-0.0872234,0.0428905,0.0585726,-0.33131,0.112716,-0.0679716,0.0940043,-0.157541,-0.408693,0.0458585,0.135337,0.0340212,-0.0890477,-0.0809454,-0.0311689,-0.283434,0.105146,0.178698,-0.168689,0.0358495,0.29548,0.294053,0.342978,0.406106,0.105915,0.34482,0.329845,0.29352,0.325054,0,0,0,
0,-0.00500848,-0.0867297,0.0364064,0.0469061,-0.329554,0.0989637,-0.0766264,0.102921,-0.15408,-0.41252,0.0399629,0.140249,0.0284059,-0.088633,-0.0808862,-0.0312839,-0.273779,0.0971972,0.184766,-0.16691,0.0350061,0.295802,0.29417,0.341512,0.404328,0.107815,0.343401,0.329123,0.293899,0.325436,0,0,0,
0,0.00204709,-0.0836334,0.0166617,0.0199635,-0.329926,0.083803,-0.091608,0.117652,-0.145442,-0.415584,0.039184,0.149418,0.0179113,-0.0877024,-0.0751572,-0.0369753,-0.26039,0.086996,0.196206,-0.160967,0.0338996,0.296623,0.294608,0.338816,0.401115,0.108492,0.339429,0.327848,0.294224,0.326022,0,0,0,
0,0.0110712,-0.0746529,-0.00525383,-0.0110461,-0.335925,0.0770779,-0.104465,0.125869,-0.133424,-0.417395,0.0403473,0.153964,0.0120993,-0.0867912,-0.068057,-0.0477318,-0.245317,0.0868942,0.192791,-0.154531,0.0331302,0.297213,0.295378,0.337012,0.399301,0.110466,0.336456,0.327471,0.295474,0.326866,0,0,0,
0,0.016636,-0.0702797,-0.0160552,-0.0287363,-0.341007,0.0767114,-0.109999,0.128455,-0.129483,-0.417714,0.0402375,0.156481,0.0117716,-0.0854081,-0.0640296,-0.0529459,-0.240555,0.0882996,0.189897,-0.149389,0.0325926,0.297631,0.295669,0.336736,0.398836,0.110264,0.335646,0.327296,0.296124,0.327033,0,0,0,
0,0.0255581,-0.0629269,-0.0361623,-0.0545802,-0.350798,0.0792105,-0.11973,0.133923,-0.123514,-0.415669,0.0364026,0.164575,0.0130381,-0.0843171,-0.055976,-0.0665567,-0.236629,0.0987844,0.182542,-0.139227,0.0319278,0.298248,0.296306,0.336307,0.397536,0.110538,0.334291,0.326784,0.296765,0.327674,0,0,0,
0,0.0301391,-0.0586743,-0.0499125,-0.0737453,-0.361993,0.0760026,-0.124062,0.132394,-0.12329,-0.40921,0.0362551,0.173234,0.0152663,-0.0841118,-0.0509853,-0.072721,-0.239862,0.110268,0.175891,-0.132779,0.0318884,0.298875,0.296863,0.336059,0.396456,0.111574,0.334481,0.326888,0.298573,0.328773,0,0,0,
0,0.0309291,-0.0565421,-0.0546555,-0.0819926,-0.36798,0.07264,-0.124867,0.131474,-0.123581,-0.404598,0.0389533,0.177249,0.0159858,-0.0854905,-0.0485034,-0.0734597,-0.243217,0.11476,0.173972,-0.129998,0.031372,0.299086,0.297273,0.336023,0.396115,0.112189,0.334832,0.326955,0.299236,0.329053,0,0,0,
0,0.0296544,-0.0529137,-0.0596965,-0.0953556,-0.376424,0.0675997,-0.124502,0.128007,-0.124985,-0.395274,0.0448533,0.181995,0.0169058,-0.088988,-0.0446495,-0.0743045,-0.250599,0.121387,0.173313,-0.122885,0.0318161,0.299415,0.297668,0.335631,0.395369,0.11364,0.335939,0.327697,0.301167,0.330171,0,0,0,
0,0.0265943,-0.0526386,-0.061496,-0.106331,-0.379627,0.0627159,-0.120603,0.121959,-0.127532,-0.387836,0.049732,0.175206,0.0210087,-0.0910915,-0.0411374,-0.0792196,-0.258087,0.125557,0.174737,-0.114947,0.0316507,0.299623,0.298073,0.335573,0.395074,0.114754,0.336731,0.327912,0.302092,0.331251,0,0,0,
0,0.0258474,-0.0531697,-0.0619021,-0.111304,-0.379687,0.0602367,-0.119255,0.119603,-0.128167,-0.387202,0.0521305,0.17209,0.0220012,-0.0915535,-0.0395762,-0.0841938,-0.262733,0.127911,0.175986,-0.112104,0.0310679,0.29985,0.298204,0.335491,0.394965,0.115216,0.337154,0.327778,0.302537,0.331569,0,0,0,
0,0.025801,-0.0533381,-0.0621892,-0.124623,-0.379019,0.0573972,-0.119581,0.115855,-0.126757,-0.387995,0.0565893,0.169252,0.0216818,-0.0930621,-0.0362821,-0.0908788,-0.270257,0.131309,0.179713,-0.10968,0.0299342,0.299931,0.298066,0.333428,0.393959,0.116097,0.337994,0.327828,0.303547,0.332446,0,0,0,
0,0.0251073,-0.0509964,-0.0626687,-0.141644,-0.375905,0.0554918,-0.122331,0.112,-0.124079,-0.387919,0.0636219,0.16968,0.0207117,-0.0949379,-0.0325332,-0.094133,-0.275306,0.130788,0.180134,-0.111871,0.0302855,0.299283,0.294782,0.315197,0.379364,0.117409,0.339251,0.328516,0.304747,0.333468,0,0,0,
0,0.0247061,-0.0498906,-0.0632288,-0.150499,-0.373228,0.0545965,-0.122337,0.109576,-0.122938,-0.388081,0.0664502,0.168984,0.0202298,-0.0943037,-0.0313415,-0.096257,-0.278813,0.131468,0.178848,-0.113761,0.0306534,0.29883,0.291773,0.302513,0.370189,0.118165,0.340278,0.329598,0.305689,0.334415,0,0,0,
0,0.0244167,-0.0472708,-0.0652061,-0.164851,-0.371585,0.0558135,-0.121682,0.106102,-0.118897,-0.391397,0.0712793,0.16611,0.0192724,-0.0937455,-0.0306696,-0.0995138,-0.28733,0.135553,0.17167,-0.116407,0.0312994,0.298469,0.288024,0.289298,0.356886,0.120346,0.343105,0.331747,0.308298,0.337656,0,0,0,
0,0.0259087,-0.0456297,-0.0674672,-0.176471,-0.374355,0.0609673,-0.123373,0.104961,-0.114905,-0.39527,0.0745547,0.167442,0.0199522,-0.0955077,-0.031263,-0.103401,-0.298256,0.141608,0.17008,-0.11712,0.031232,0.298719,0.287705,0.286726,0.352323,0.121537,0.345702,0.333457,0.310487,0.340419,0,0,0,
0,0.0281175,-0.045883,-0.0682249,-0.180531,-0.374603,0.0632584,-0.124262,0.105002,-0.113724,-0.395237,0.0777169,0.169899,0.0203514,-0.0970332,-0.0311565,-0.104652,-0.301542,0.145081,0.170738,-0.117086,0.0310127,0.299165,0.288281,0.287487,0.351827,0.121478,0.346589,0.333831,0.311055,0.341049,0,0,0,
0,0.0339255,-0.0473753,-0.0675748,-0.185176,-0.372528,0.0663572,-0.12495,0.103925,-0.110659,-0.391166,0.0875395,0.175627,0.0185291,-0.101957,-0.0308377,-0.101619,-0.305971,0.149227,0.168173,-0.115744,0.0308648,0.300216,0.289949,0.290132,0.351521,0.122761,0.347669,0.33396,0.311153,0.341464,0,0,0,
0,0.0366033,-0.049019,-0.0655833,-0.185608,-0.36973,0.0673537,-0.123628,0.102652,-0.107893,-0.38669,0.0920133,0.178036,0.0174101,-0.103813,-0.0311482,-0.0982557,-0.309437,0.151552,0.165234,-0.113125,0.0306797,0.300668,0.290639,0.290887,0.351507,0.122957,0.348329,0.333816,0.311879,0.341522,0,0,0,
0,0.037996,-0.050856,-0.0539798,-0.18147,-0.362647,0.0685774,-0.117628,0.0961062,-0.103907,-0.377745,0.0971659,0.184506,0.0181712,-0.110045,-0.0359131,-0.0892499,-0.317478,0.150413,0.163511,-0.108266,0.030627,0.301741,0.291548,0.292558,0.352173,0.121758,0.351219,0.33416,0.312591,0.341935,0,0,0,
0,0.0338336,-0.0509502,-0.0381132,-0.178793,-0.357915,0.076051,-0.112243,0.0887711,-0.106153,-0.363373,0.109736,0.191199,0.0228331,-0.11856,-0.0416324,-0.0846325,-0.32716,0.158218,0.161528,-0.0991067,0.0319066,0.302716,0.292538,0.294289,0.351989,0.12058,0.353012,0.334591,0.313268,0.342438,0,0,0,
0,0.0290737,-0.0499471,-0.0269641,-0.175831,-0.356981,0.0812388,-0.109193,0.0848817,-0.107209,-0.355315,0.116409,0.194731,0.0244024,-0.122818,-0.0467229,-0.083916,-0.336606,0.161064,0.16449,-0.0941942,0.0326017,0.303712,0.293271,0.295525,0.352102,0.120463,0.353638,0.333951,0.313686,0.342613,0,0,0,
0,0.0192015,-0.0486055,-0.00328699,-0.168772,-0.35668,0.0872776,-0.103232,0.0753158,-0.108038,-0.338052,0.129625,0.200948,0.0252733,-0.13027,-0.0545699,-0.0874079,-0.348576,0.170976,0.172147,-0.082367,0.032252,0.305416,0.294323,0.297048,0.352421,0.120606,0.352115,0.332385,0.312213,0.342259,0,0,0,
0,0.0106335,-0.044917,0.0195397,-0.16565,-0.359326,0.0982272,-0.0963132,0.0679527,-0.103868,-0.321978,0.138445,0.201125,0.0244088,-0.13262,-0.0633544,-0.0941334,-0.361173,0.186027,0.181376,-0.0700682,0.0303926,0.305643,0.294678,0.297589,0.352505,0.120652,0.352434,0.33119,0.313138,0.34185,0,0,0,
0,0.00575783,-0.0418617,0.0329322,-0.162974,-0.361921,0.102553,-0.0924295,0.0631235,-0.101748,-0.315285,0.137924,0.199009,0.024455,-0.13228,-0.069862,-0.0949468,-0.365432,0.189757,0.183743,-0.0635681,0.0301068,0.305626,0.294968,0.297856,0.352489,0.12064,0.352946,0.331572,0.313264,0.342841,0,0,0,
0,-0.000261413,-0.0349326,0.0535973,-0.156975,-0.368553,0.105375,-0.0859745,0.0584254,-0.0978405,-0.307692,0.13383,0.190494,0.0265529,-0.130461,-0.0763521,-0.108832,-0.386388,0.20208,0.193537,-0.0564659,0.0309121,0.306442,0.295626,0.29882,0.352565,0.120982,0.35321,0.33208,0.313457,0.343894,0,0,0,
0,-0.00676978,-0.0256779,0.0735028,-0.146671,-0.376231,0.103634,-0.0807401,0.0525762,-0.0913677,-0.306424,0.122705,0.181954,0.0235534,-0.130324,-0.0822271,-0.116285,-0.39773,0.203971,0.202627,-0.05925,0.0310809,0.306676,0.295916,0.299016,0.352604,0.121606,0.352942,0.331978,0.31431,0.34504,0,0,0,
0,-0.00882699,-0.0230519,0.0797301,-0.143549,-0.378719,0.103757,-0.0780677,0.0515972,-0.089949,-0.307471,0.118172,0.176894,0.0231227,-0.130529,-0.0828714,-0.117577,-0.399547,0.204525,0.205555,-0.0633936,0.0316661,0.306728,0.295947,0.299038,0.352668,0.122249,0.352713,0.331792,0.314513,0.345259,0,0,0,
0,-0.0120632,-0.0216187,0.0886954,-0.139368,-0.382705,0.103888,-0.0765569,0.0489326,-0.088316,-0.312413,0.108931,0.16719,0.0214291,-0.132188,-0.0841261,-0.1143,-0.396583,0.19758,0.206699,-0.0722475,0.0310826,0.306334,0.295792,0.298977,0.352928,0.124346,0.352628,0.332042,0.314194,0.34577,0,0,0,
0,-0.0137704,-0.0227813,0.0902502,-0.139019,-0.385356,0.105318,-0.0798648,0.0482832,-0.0922291,-0.321231,0.100596,0.157946,0.0207504,-0.134836,-0.085169,-0.110202,-0.38939,0.181297,0.208533,-0.0810937,0.032031,0.305714,0.295475,0.298779,0.353117,0.124781,0.353586,0.332411,0.314109,0.346054,0,0,0,
0,-0.0140188,-0.0235331,0.0886612,-0.139016,-0.386456,0.105685,-0.0835774,0.0484064,-0.0956629,-0.326378,0.0971251,0.154745,0.0204238,-0.135935,-0.0860389,-0.107106,-0.381715,0.174972,0.207881,-0.084192,0.0304339,0.305403,0.295254,0.298644,0.353468,0.126029,0.353226,0.331811,0.314186,0.346126,0,0,0,
0,-0.0121406,-0.0268914,0.0796262,-0.142019,-0.385011,0.107065,-0.0918169,0.0509552,-0.100551,-0.340558,0.0893361,0.148424,0.0163159,-0.13483,-0.0859648,-0.105296,-0.367943,0.163469,0.207738,-0.0905598,0.0308535,0.304501,0.294571,0.297303,0.35365,0.126446,0.352564,0.331701,0.314016,0.346613,0,0,0,
0,-0.0104193,-0.030259,0.0723568,-0.145046,-0.382306,0.107896,-0.0952841,0.0538468,-0.101557,-0.347313,0.0869493,0.148611,0.0139271,-0.133121,-0.0845626,-0.10543,-0.358895,0.159733,0.207427,-0.0928611,0.030987,0.30404,0.29462,0.297686,0.353381,0.126113,0.3523,0.332262,0.314035,0.346833,0,0,0,
0,-0.00583742,-0.0362155,0.055882,-0.148992,-0.375972,0.102973,-0.103555,0.0583503,-0.0986224,-0.361648,0.0815104,0.150782,0.00817163,-0.129815,-0.0815118,-0.107176,-0.338926,0.150474,0.206964,-0.0980698,0.0296925,0.303216,0.294058,0.297852,0.354837,0.127307,0.351992,0.332811,0.314787,0.348121,0,0,0,
0,0.00018038,-0.0411063,0.0372304,-0.156283,-0.371272,0.100135,-0.11209,0.0610094,-0.0948547,-0.371984,0.0809541,0.155995,0.00356818,-0.12619,-0.0766119,-0.108894,-0.317634,0.144004,0.208243,-0.104601,0.0279376,0.30283,0.293926,0.297861,0.355793,0.125263,0.352531,0.333425,0.315274,0.349075,0,0,0,
0,0.0044665,-0.0427085,0.0260138,-0.161185,-0.370973,0.0987303,-0.116581,0.0628912,-0.0914796,-0.377595,0.0820794,0.159151,0.00229166,-0.124781,-0.0712229,-0.111217,-0.305537,0.14513,0.205282,-0.10785,0.0275114,0.303059,0.293852,0.29777,0.356059,0.126926,0.350957,0.333155,0.314821,0.349491,0,0,0,
0,0.0109957,-0.0439619,0.00638491,-0.168216,-0.374611,0.093651,-0.123274,0.0645915,-0.0867546,-0.387172,0.0831518,0.163478,-0.000657209,-0.121731,-0.0622263,-0.113414,-0.288495,0.144627,0.19856,-0.112067,0.0266717,0.302314,0.293477,0.298448,0.356594,0.128179,0.349252,0.333021,0.314969,0.348952,0,0,0,
0,0.0181333,-0.0416012,-0.0124657,-0.176248,-0.384239,0.0903777,-0.130706,0.0686644,-0.083504,-0.397324,0.0854106,0.165859,-0.00185787,-0.119893,-0.0558186,-0.116506,-0.275993,0.143707,0.188093,-0.110487,0.0262494,0.302261,0.292834,0.298332,0.356702,0.128662,0.34794,0.332688,0.314566,0.348951,0,0,0,
0,0.0210048,-0.0388184,-0.0210163,-0.179504,-0.390726,0.0877163,-0.133843,0.0704273,-0.081949,-0.403089,0.0866766,0.168181,-0.00070832,-0.118189,-0.0541805,-0.12112,-0.273356,0.142958,0.183027,-0.1073,0.0261156,0.302074,0.292855,0.298497,0.356903,0.129039,0.347552,0.332645,0.314473,0.34885,0,0,0,
0,0.0270638,-0.0321795,-0.0362602,-0.185475,-0.399868,0.0849855,-0.140609,0.0761236,-0.0834406,-0.410253,0.0883985,0.174039,0.00475335,-0.116156,-0.0512634,-0.132799,-0.27445,0.146962,0.174827,-0.101795,0.0259084,0.301805,0.292726,0.298659,0.357264,0.12918,0.346944,0.332547,0.314496,0.349114,0,0,0,
0,0.0312078,-0.0281294,-0.0458765,-0.184415,-0.396651,0.0783884,-0.144969,0.0828306,-0.0896028,-0.409898,0.0930837,0.180975,0.00955694,-0.114026,-0.0489619,-0.14121,-0.27812,0.157984,0.16662,-0.0999233,0.0266135,0.301776,0.293008,0.299211,0.357591,0.129842,0.346996,0.332498,0.314411,0.349194,0,0,0,
0,0.0329232,-0.0276634,-0.0491445,-0.181676,-0.390721,0.0742853,-0.145752,0.0866471,-0.0914688,-0.407657,0.0970619,0.185255,0.0113543,-0.113798,-0.0482558,-0.141109,-0.28104,0.16168,0.16248,-0.0986808,0.027123,0.30206,0.293239,0.2995,0.357571,0.129569,0.34768,0.332558,0.314773,0.34918,0,0,0,
0,0.0341993,-0.0299979,-0.0512608,-0.175008,-0.377834,0.0674411,-0.143382,0.0935902,-0.0920795,-0.398097,0.104655,0.193348,0.0135221,-0.115951,-0.0483184,-0.137122,-0.289337,0.171774,0.152534,-0.0927332,0.0280614,0.302607,0.293717,0.299962,0.3574,0.130969,0.347819,0.331764,0.314667,0.347869,0,0,0,
0,0.0314205,-0.0320083,-0.0471647,-0.165568,-0.362313,0.0615342,-0.137616,0.0981449,-0.092543,-0.383693,0.110614,0.20012,0.0160957,-0.122112,-0.0489524,-0.12998,-0.301398,0.179679,0.145504,-0.085267,0.0282985,0.303364,0.294614,0.300233,0.35745,0.130921,0.350115,0.331358,0.314362,0.347311,0,0,0,
0,0.0289661,-0.0320187,-0.0421173,-0.160623,-0.356814,0.0579947,-0.133921,0.0981155,-0.0924827,-0.376763,0.111716,0.202719,0.0171268,-0.125262,-0.0511153,-0.125007,-0.310758,0.179797,0.146262,-0.0806771,0.0289417,0.30341,0.294371,0.30046,0.357533,0.131372,0.350676,0.331151,0.314145,0.348079,0,0,0,
0,0.0223087,-0.0304784,-0.0300417,-0.151304,-0.350264,0.054791,-0.126938,0.0964968,-0.0968178,-0.356605,0.116746,0.20724,0.0207233,-0.133309,-0.054874,-0.120131,-0.329723,0.182603,0.148712,-0.0693966,0.0300694,0.304211,0.295356,0.300765,0.357089,0.131044,0.352752,0.330747,0.314351,0.347737,0,0,0,
0,0.0188367,-0.0292688,-0.0236799,-0.148657,-0.348624,0.0546697,-0.122581,0.0954212,-0.0981085,-0.347349,0.120597,0.20989,0.0224209,-0.13717,-0.0559206,-0.119409,-0.338569,0.184752,0.151378,-0.0639498,0.0298184,0.304732,0.295665,0.301299,0.356863,0.131112,0.353426,0.33072,0.314271,0.347401,0,0,0,
0,0.0113515,-0.0261737,-0.00909649,-0.143387,-0.349169,0.0536553,-0.114426,0.0902176,-0.103375,-0.329672,0.124196,0.209446,0.0260051,-0.143322,-0.0591744,-0.122504,-0.35844,0.18856,0.159074,-0.0532947,0.0302282,0.304621,0.296106,0.302286,0.355894,0.132086,0.353556,0.3317,0.314221,0.347375,0,0,0,
0,0.00456048,-0.020361,0.00646631,-0.14087,-0.354249,0.0524754,-0.108117,0.0847184,-0.108738,-0.317046,0.124958,0.203607,0.0280273,-0.148217,-0.0625957,-0.128585,-0.375652,0.188719,0.170909,-0.0452438,0.0310195,0.305165,0.296633,0.302657,0.355917,0.13111,0.3555,0.331526,0.31391,0.347446,0,0,0,
0,0.00210365,-0.0169884,0.0145601,-0.140279,-0.357511,0.0502192,-0.106117,0.0809006,-0.109901,-0.312244,0.124759,0.198949,0.0280021,-0.149236,-0.0644148,-0.131697,-0.382892,0.188444,0.177185,-0.0445539,0.0311156,0.305281,0.29693,0.30296,0.355703,0.130734,0.355955,0.33174,0.314612,0.347783,0,0,0,
0,-0.00243902,-0.0116931,0.0275382,-0.143278,-0.359653,0.0495836,-0.101826,0.0760213,-0.109678,-0.308344,0.121292,0.189239,0.0267673,-0.150189,-0.0680211,-0.13952,-0.391644,0.188885,0.188991,-0.0454534,0.0313549,0.305504,0.297266,0.30299,0.355483,0.130442,0.355902,0.331859,0.314675,0.347719,0,0,0,
0,-0.00709678,-0.0105341,0.0376828,-0.147483,-0.356285,0.0512849,-0.0993989,0.0707402,-0.108642,-0.309298,0.117413,0.181043,0.0250638,-0.149111,-0.0691798,-0.143389,-0.39126,0.186691,0.198471,-0.0511912,0.0311681,0.305347,0.297192,0.302676,0.355259,0.130545,0.355134,0.331886,0.314322,0.347847,0,0,0,
0,-0.00792868,-0.0105308,0.0415108,-0.149604,-0.354874,0.0518802,-0.0997534,0.0681544,-0.10804,-0.31153,0.114738,0.176368,0.0243017,-0.148943,-0.0701628,-0.143522,-0.387913,0.183968,0.201688,-0.0549357,0.0311164,0.305171,0.296993,0.302443,0.355163,0.130777,0.354628,0.332043,0.314239,0.348112,0,0,0,
0,-0.00964309,-0.0111542,0.0453847,-0.155338,-0.352258,0.0565101,-0.102047,0.0653923,-0.108931,-0.318883,0.110014,0.167566,0.0228254,-0.147626,-0.0701991,-0.144564,-0.377925,0.175322,0.205606,-0.0618876,0.0311352,0.304899,0.296503,0.302013,0.355132,0.130478,0.353984,0.331729,0.313854,0.347827,0,0,0,
0,-0.0085811,-0.0123878,0.0431748,-0.161266,-0.349363,0.0611018,-0.105997,0.0666802,-0.106705,-0.331636,0.103839,0.161766,0.0203226,-0.145579,-0.0683857,-0.145552,-0.363539,0.165366,0.205528,-0.0690518,0.0306127,0.304113,0.295932,0.30161,0.35532,0.131189,0.353249,0.331493,0.313611,0.34819,0,0,0,
0,-0.00725868,-0.0126608,0.0408344,-0.164232,-0.348083,0.0627564,-0.109504,0.0674207,-0.105673,-0.337132,0.101022,0.160223,0.0187144,-0.144869,-0.0679647,-0.145439,-0.356743,0.161728,0.204522,-0.0728741,0.0306584,0.304096,0.295617,0.30161,0.355367,0.132212,0.352303,0.33126,0.313186,0.347461,0,0,0,
0,-0.00402769,-0.0148669,0.0333991,-0.168691,-0.344826,0.0638298,-0.116084,0.0691289,-0.103332,-0.349918,0.0948798,0.156921,0.014063,-0.142808,-0.0661804,-0.143438,-0.339158,0.150491,0.203626,-0.0828882,0.0304914,0.303192,0.295095,0.301015,0.354985,0.131441,0.351809,0.332193,0.313884,0.348565,0,0,0,
0,-0.000579011,-0.016571,0.0238573,-0.173144,-0.342626,0.0633278,-0.124693,0.0692948,-0.101814,-0.359716,0.093227,0.1608,0.0114486,-0.142509,-0.0641305,-0.14081,-0.316424,0.137274,0.200211,-0.0915505,0.0303776,0.303501,0.295381,0.30084,0.355671,0.13136,0.351017,0.332722,0.314895,0.349564,0,0,0,
0,0.000730468,-0.0169689,0.0185707,-0.174687,-0.343126,0.0629606,-0.129667,0.0682107,-0.10081,-0.363925,0.093051,0.163473,0.00971655,-0.142761,-0.0620583,-0.139124,-0.305672,0.133867,0.196055,-0.0951118,0.0301991,0.302926,0.295121,0.300696,0.356061,0.13181,0.350367,0.331912,0.314622,0.348962,0,0,0,
0,0.0020393,-0.0169549,0.00938221,-0.177346,-0.344458,0.0627433,-0.136178,0.0659334,-0.0979271,-0.369305,0.0933764,0.168289,0.00748912,-0.141871,-0.0592207,-0.13414,-0.286076,0.124836,0.191146,-0.104962,0.0300779,0.303314,0.295119,0.300814,0.356736,0.131238,0.348702,0.332999,0.315435,0.349647,0,0,0,
0,0.00216334,-0.0163494,0.00418309,-0.177872,-0.345802,0.0628378,-0.138239,0.0661661,-0.0962854,-0.371969,0.0939985,0.169539,0.00633056,-0.141702,-0.0570517,-0.129791,-0.275648,0.120311,0.186441,-0.107395,0.0297978,0.303667,0.295104,0.300429,0.356632,0.131208,0.347788,0.332832,0.315008,0.349762,0,0,0,
0,0.00326451,-0.015615,-0.00450779,-0.180636,-0.347587,0.0605928,-0.139595,0.0659767,-0.0936501,-0.376172,0.0971558,0.173908,0.00580343,-0.140474,-0.0545155,-0.126267,-0.2607,0.113839,0.179032,-0.111637,0.0289678,0.303562,0.295157,0.300736,0.357105,0.132249,0.347312,0.333262,0.315453,0.349825,0,0,0,
0,0.00633778,-0.0165735,-0.0120045,-0.182385,-0.345636,0.055105,-0.139315,0.0663011,-0.0948126,-0.376953,0.10194,0.181069,0.00971607,-0.138961,-0.0513538,-0.122588,-0.245394,0.107682,0.170532,-0.113133,0.0283111,0.303653,0.295483,0.300815,0.357437,0.132618,0.346538,0.333359,0.315327,0.349818,0,0,0,
0,0.00901313,-0.017706,-0.015202,-0.182773,-0.343377,0.0496141,-0.139133,0.0667516,-0.0967117,-0.374974,0.104784,0.184885,0.0121811,-0.138509,-0.0500791,-0.121624,-0.240153,0.105984,0.165971,-0.113296,0.0284834,0.303732,0.295598,0.300784,0.357484,0.132885,0.346332,0.333331,0.315162,0.349673,0,0,0,
0,0.0161595,-0.0209959,-0.0209982,-0.182864,-0.336746,0.0370599,-0.137478,0.0685968,-0.101109,-0.368214,0.112568,0.193087,0.0175212,-0.137276,-0.0482226,-0.117443,-0.234072,0.106176,0.154787,-0.111296,0.0287453,0.304067,0.296079,0.301383,0.357602,0.133736,0.346389,0.333461,0.314995,0.349275,0,0,0,
0,0.0181275,-0.0234591,-0.02305,-0.183935,-0.329651,0.0223755,-0.134998,0.0704432,-0.106757,-0.357948,0.12133,0.198643,0.0213943,-0.13841,-0.0485415,-0.114922,-0.237486,0.107728,0.145262,-0.105116,0.0289712,0.30447,0.29638,0.301604,0.356961,0.133801,0.347294,0.333499,0.315448,0.349114,0,0,0,
0,0.0178788,-0.0241641,-0.0224562,-0.18558,-0.326829,0.0166994,-0.133464,0.0705842,-0.109443,-0.351981,0.126112,0.20095,0.0233855,-0.139864,-0.0494115,-0.114536,-0.241053,0.110604,0.142477,-0.101987,0.0288385,0.304623,0.296509,0.301646,0.35688,0.133238,0.348286,0.333566,0.315676,0.348918,0,0,0,
0,0.0144012,-0.0251485,-0.0183559,-0.194567,-0.316755,0.00479947,-0.129808,0.0709115,-0.115164,-0.339615,0.134098,0.202066,0.0266737,-0.143695,-0.0512975,-0.114476,-0.253151,0.11841,0.137706,-0.0913987,0.0290734,0.30493,0.296754,0.301795,0.356598,0.133485,0.349947,0.332772,0.31446,0.347855,0,0,0,
0,0.010686,-0.0264546,-0.0116545,-0.197839,-0.301108,-0.00631828,-0.12606,0.0695529,-0.120988,-0.328057,0.142952,0.203517,0.0301209,-0.148814,-0.0526222,-0.120883,-0.266845,0.125644,0.141434,-0.0819082,0.0287923,0.305299,0.297245,0.302203,0.35666,0.133482,0.350932,0.332925,0.315109,0.347624,0,0,0,
0,0.0092756,-0.0273519,-0.00830371,-0.197684,-0.291088,-0.0118231,-0.124163,0.0686187,-0.12534,-0.322057,0.14713,0.202717,0.0315316,-0.150221,-0.0524275,-0.12416,-0.272564,0.129807,0.144515,-0.0785087,0.0288253,0.305266,0.29717,0.301866,0.356211,0.133586,0.351097,0.332722,0.31497,0.347883,0,0,0,
0,0.0080956,-0.028129,-0.00107577,-0.196414,-0.266761,-0.0261079,-0.122021,0.0664026,-0.134273,-0.312177,0.154274,0.202959,0.0358983,-0.152258,-0.0524595,-0.129264,-0.283963,0.137459,0.149597,-0.0724932,0.0292464,0.305825,0.297355,0.302348,0.356478,0.133048,0.352726,0.333361,0.315367,0.349017,0,0,0,
0,0.00879304,-0.0273697,0.00716837,-0.206834,-0.240443,-0.0443218,-0.120825,0.0631739,-0.142605,-0.303234,0.161559,0.201123,0.0363467,-0.153292,-0.0537345,-0.132214,-0.294401,0.14278,0.155521,-0.0683591,0.0299216,0.306174,0.29755,0.302652,0.356221,0.132413,0.353172,0.332952,0.31525,0.348774,0,0,0,
0,0.0090476,-0.0264866,0.0105909,-0.215667,-0.228665,-0.0530518,-0.119857,0.0628933,-0.144462,-0.300326,0.164943,0.201195,0.0361714,-0.153664,-0.0533435,-0.134484,-0.298575,0.144595,0.159687,-0.0674318,0.0300464,0.306362,0.297783,0.302688,0.356188,0.131936,0.353318,0.333263,0.315334,0.34864,0,0,0,
0,0.00932631,-0.0232447,0.0180441,-0.250367,-0.203994,-0.0713437,-0.11701,0.0619216,-0.145148,-0.293676,0.169208,0.200638,0.0347667,-0.154151,-0.0528554,-0.135561,-0.302203,0.145714,0.167311,-0.0690422,0.0300551,0.306845,0.298245,0.303041,0.356174,0.131543,0.352881,0.333392,0.315609,0.349014,0,0,0,
0,0.00898541,-0.0213428,0.0224621,-0.262223,-0.198813,-0.0786956,-0.115203,0.0608525,-0.143108,-0.291364,0.168445,0.199867,0.0342672,-0.153514,-0.0528121,-0.13377,-0.302623,0.144022,0.170038,-0.0716471,0.0304804,0.307137,0.298599,0.303344,0.35617,0.131471,0.352616,0.333447,0.315652,0.349104,0,0,0,
0,0.00894256,-0.0189168,0.0302956,-0.286884,-0.193806,-0.0894873,-0.11189,0.0581287,-0.139437,-0.287156,0.165911,0.197255,0.0337376,-0.152325,-0.054838,-0.132109,-0.299929,0.14011,0.175133,-0.0776353,0.0309177,0.307481,0.29889,0.303499,0.356116,0.131457,0.351683,0.333414,0.315682,0.349249,0,0,0,
0,0.00859773,-0.0174666,0.037591,-0.303267,-0.191306,-0.0944718,-0.109788,0.0549736,-0.136396,-0.285051,0.162897,0.192269,0.032727,-0.150817,-0.0573541,-0.127741,-0.293914,0.136286,0.17693,-0.0845947,0.0312732,0.307587,0.299007,0.303515,0.355878,0.131613,0.350619,0.333644,0.315711,0.349558,0,0,0,
0,0.00811407,-0.0166128,0.0414385,-0.309193,-0.18959,-0.096009,-0.109265,0.0529964,-0.135088,-0.285205,0.161527,0.18916,0.0324441,-0.149705,-0.0591713,-0.124773,-0.290434,0.133267,0.177046,-0.088039,0.0314206,0.307613,0.299097,0.303572,0.355931,0.131749,0.350385,0.333924,0.315881,0.349629,0,0,0,
0,0.00622164,-0.015841,0.0470093,-0.321271,-0.182547,-0.0956152,-0.108932,0.0511362,-0.133176,-0.287947,0.159523,0.182812,0.0317824,-0.147704,-0.0616834,-0.119752,-0.284323,0.127251,0.175565,-0.0927783,0.0315062,0.307544,0.299014,0.303451,0.355977,0.131793,0.349717,0.334091,0.3161,0.349944,0,0,0,
0,0.00423515,-0.0151508,0.0516321,-0.334204,-0.174932,-0.09504,-0.109374,0.0498564,-0.130614,-0.292971,0.156649,0.177172,0.0302028,-0.145889,-0.0642181,-0.115255,-0.280997,0.123627,0.170964,-0.094043,0.0317318,0.307222,0.298807,0.303207,0.355985,0.132145,0.349573,0.334235,0.316093,0.350061,0,0,0,
0,0.00370736,-0.0149065,0.0528932,-0.340649,-0.169708,-0.0949813,-0.110236,0.0498151,-0.12949,-0.296751,0.155225,0.175674,0.0290739,-0.145259,-0.0650496,-0.114414,-0.280911,0.121734,0.169089,-0.0937015,0.0316209,0.306985,0.298755,0.303153,0.356073,0.132198,0.349599,0.334367,0.316091,0.350074,0,0,0,
0,0.00331092,-0.014693,0.0535785,-0.351315,-0.157144,-0.0945591,-0.1133,0.0499043,-0.126621,-0.302673,0.152716,0.175559,0.0259486,-0.145161,-0.0655575,-0.114777,-0.281846,0.120436,0.165183,-0.0924579,0.0311957,0.306748,0.298472,0.302892,0.356239,0.132398,0.349756,0.334457,0.315991,0.35015,0,0,0,
0,0.00314509,-0.0142523,0.0533262,-0.357293,-0.144033,-0.0949443,-0.116415,0.048637,-0.12337,-0.305831,0.149576,0.177907,0.0235003,-0.146363,-0.0659192,-0.113949,-0.284857,0.120989,0.16246,-0.0908516,0.030788,0.306775,0.298349,0.302789,0.356349,0.132476,0.350064,0.334409,0.315983,0.350097,0,0,0,
0,0.00318646,-0.0142438,0.0528612,-0.358697,-0.137172,-0.0941452,-0.117536,0.0473901,-0.123303,-0.306687,0.149799,0.179238,0.0221136,-0.147254,-0.0659937,-0.113695,-0.286581,0.12198,0.161523,-0.0899139,0.0307011,0.306751,0.298157,0.302537,0.356147,0.132462,0.350286,0.334511,0.316046,0.350091,0,0,0,
0,0.00231303,-0.0149848,0.052205,-0.358564,-0.122323,-0.093899,-0.117715,0.0450247,-0.121724,-0.306907,0.149238,0.181676,0.0214979,-0.148713,-0.0664662,-0.113959,-0.290089,0.123729,0.16016,-0.0869989,0.0303458,0.306762,0.298191,0.302613,0.356244,0.132776,0.350767,0.334406,0.316017,0.350063,0,0,0,
0,0.00209263,-0.0156346,0.0512516,-0.359964,-0.111588,-0.092613,-0.117506,0.0431634,-0.119816,-0.307298,0.147756,0.182857,0.0223472,-0.150738,-0.0679374,-0.116242,-0.29481,0.127432,0.162292,-0.0841364,0.0300889,0.306805,0.298158,0.302684,0.356401,0.132628,0.351223,0.334446,0.3161,0.350192,0,0,0,
0,0.00202785,-0.0153899,0.0506074,-0.360867,-0.108947,-0.0913581,-0.117507,0.0427102,-0.119902,-0.30774,0.147298,0.184129,0.023342,-0.151751,-0.0681165,-0.117236,-0.296369,0.128931,0.164028,-0.0831509,0.030058,0.306937,0.298283,0.302743,0.356634,0.132573,0.35132,0.334436,0.316099,0.350222,0,0,0,
0,0.0018793,-0.0154969,0.0489188,-0.361942,-0.106621,-0.0892776,-0.115584,0.0428321,-0.121108,-0.307521,0.147219,0.186259,0.0258375,-0.15146,-0.0671747,-0.119086,-0.297184,0.130683,0.166987,-0.0821009,0.029949,0.306884,0.298409,0.302896,0.357015,0.132555,0.35119,0.334385,0.316034,0.350292,0,0,0,
0,0.00210985,-0.0152786,0.0478146,-0.362418,-0.107207,-0.0881563,-0.114742,0.0434108,-0.121354,-0.30727,0.147396,0.18666,0.02719,-0.151166,-0.0667594,-0.120308,-0.297109,0.131667,0.167545,-0.0822314,0.0300438,0.306979,0.298547,0.302994,0.356959,0.132555,0.351158,0.334336,0.316045,0.350345,0,0,0,
0,0.00235319,-0.0145083,0.0457329,-0.363078,-0.109383,-0.0867094,-0.113478,0.0452821,-0.122832,-0.306546,0.147567,0.187787,0.0285567,-0.150322,-0.0659551,-0.121134,-0.296827,0.132056,0.167909,-0.0830571,0.0300897,0.307278,0.298901,0.303176,0.357108,0.13268,0.350938,0.334238,0.315956,0.350356,0,0,0,
0,0.00345589,-0.0132992,0.0441874,-0.359536,-0.11,-0.0853391,-0.112334,0.0466174,-0.122362,-0.305584,0.147117,0.187658,0.0286892,-0.149737,-0.0656881,-0.120362,-0.296278,0.131026,0.167654,-0.084633,0.030287,0.307419,0.299053,0.303212,0.35722,0.132797,0.35078,0.334167,0.315793,0.350407,0,0,0,
0,0.00362992,-0.0127784,0.0436058,-0.344764,-0.107685,-0.0821338,-0.111722,0.0474579,-0.121931,-0.305244,0.146814,0.187551,0.0283738,-0.149344,-0.0655255,-0.119702,-0.296037,0.130611,0.166825,-0.0850231,0.0304574,0.307476,0.299176,0.303294,0.357185,0.132815,0.350653,0.334141,0.315778,0.350398,0,0,0,
0,0.0033922,-0.0122537,0.0429271,-0.284657,-0.0979024,-0.0675712,-0.110971,0.048473,-0.119808,-0.304036,0.145738,0.187328,0.0280711,-0.148614,-0.0654972,-0.117643,-0.296295,0.130509,0.165034,-0.085145,0.0310811,0.307542,0.299405,0.303361,0.357113,0.132902,0.350628,0.334145,0.315842,0.350579,0,0,0,
0,0.00212121,-0.0122708,0.0436213,-0.148757,-0.0909159,-0.0298929,-0.110053,0.0479585,-0.119305,-0.302756,0.144891,0.183992,0.0286194,-0.148502,-0.0669637,-0.117449,-0.297387,0.131614,0.166048,-0.0839749,0.0313689,0.307519,0.299467,0.303214,0.357045,0.133079,0.350694,0.334232,0.315958,0.350578,0,0,0,
0,0.00185142,-0.0124033,0.0441415,-0.0657934,-0.0915682,-0.00609004,-0.109715,0.0475544,-0.11962,-0.303988,0.144304,0.179933,0.0285426,-0.148557,-0.0675855,-0.118615,-0.297381,0.132598,0.167759,-0.0839428,0.0317838,0.307394,0.299317,0.303085,0.357,0.13333,0.350686,0.334319,0.31599,0.350587,0,0,0,
0,0.00333972,-0.0127434,0.0444519,0.0685234,-0.103143,0.0282381,-0.110824,0.0468538,-0.118319,-0.309401,0.141661,0.173605,0.0276434,-0.146948,-0.067963,-0.120988,-0.295088,0.132835,0.169379,-0.0841859,0.031335,0.307026,0.298913,0.302901,0.357086,0.133462,0.350324,0.334411,0.316016,0.350609,0,0,0,
0,0.00473848,-0.0129704,0.0434017,0.16051,-0.120463,0.0478056,-0.114843,0.0471054,-0.116329,-0.316915,0.138475,0.171228,0.0263182,-0.14516,-0.0676242,-0.122211,-0.294117,0.132936,0.166532,-0.0841208,0.0313024,0.306992,0.29873,0.30298,0.357102,0.133516,0.350224,0.334297,0.315963,0.350591,0,0,0,
0,0.00528452,-0.0133504,0.0429363,0.185779,-0.12631,0.0518475,-0.116599,0.0474269,-0.113949,-0.320198,0.136589,0.17186,0.0253898,-0.144805,-0.0674229,-0.122281,-0.294482,0.132846,0.164691,-0.0844246,0.0312382,0.307031,0.298758,0.303068,0.357274,0.133421,0.350314,0.334231,0.31596,0.350579,0,0,0,
0,0.00649188,-0.0140981,0.0411271,0.219374,-0.140171,0.053968,-0.118771,0.0474744,-0.110733,-0.324078,0.134909,0.174971,0.0238611,-0.145259,-0.06662,-0.120821,-0.296419,0.133488,0.16079,-0.0848676,0.0303113,0.307107,0.298614,0.303011,0.357401,0.133372,0.350738,0.334281,0.316093,0.350735,0,0,0,
0,0.00775424,-0.0160417,0.0385306,0.232865,-0.151262,0.0558267,-0.118786,0.0475806,-0.109713,-0.324424,0.137372,0.180706,0.0243038,-0.146165,-0.0659831,-0.119164,-0.299586,0.13298,0.158123,-0.083449,0.0295909,0.307288,0.298715,0.302987,0.35767,0.133216,0.351363,0.334434,0.316244,0.350843,0,0,0,
0,0.00842341,-0.0170153,0.0369978,0.23658,-0.157473,0.0572609,-0.118686,0.0473623,-0.109896,-0.323188,0.139018,0.183658,0.024765,-0.146927,-0.0656674,-0.118796,-0.301347,0.132414,0.157763,-0.0819311,0.0295304,0.307313,0.298813,0.303006,0.357939,0.133021,0.35165,0.334376,0.316277,0.350692,0,0,0,
0,0.00866154,-0.0194975,0.0343305,0.24215,-0.165627,0.0606191,-0.116884,0.0471697,-0.111099,-0.318022,0.141713,0.188494,0.0263839,-0.148166,-0.0651118,-0.118014,-0.305281,0.131384,0.158692,-0.0788652,0.0298351,0.30754,0.299084,0.303162,0.358168,0.132767,0.352176,0.334107,0.316125,0.350475,0,0,0,
0,0.00840226,-0.0208227,0.0331438,0.24554,-0.168899,0.062896,-0.115665,0.0471831,-0.112634,-0.31455,0.142647,0.190649,0.0272466,-0.148675,-0.0650247,-0.118225,-0.306487,0.131278,0.16001,-0.0775409,0.0296582,0.307572,0.299152,0.303167,0.358116,0.132692,0.352289,0.333995,0.316049,0.350353,0,0,0,
0,0.00812794,-0.0229302,0.0295507,0.259358,-0.179076,0.0741466,-0.112624,0.0475035,-0.115874,-0.308947,0.144152,0.191601,0.0304896,-0.149034,-0.0635431,-0.120638,-0.30749,0.131821,0.164383,-0.0760808,0.0297898,0.307659,0.299381,0.303446,0.358117,0.1325,0.352344,0.333879,0.315867,0.350299,0,0,0,
0,0.00903392,-0.0232181,0.0249067,0.290135,-0.195524,0.0878316,-0.11054,0.0491123,-0.119131,-0.306255,0.145466,0.190411,0.0320378,-0.148412,-0.0616405,-0.12246,-0.306941,0.131339,0.167454,-0.0759687,0.0298749,0.307788,0.299515,0.303723,0.358117,0.132612,0.352115,0.333608,0.315702,0.350276,0,0,0,
0,0.00993611,-0.0230495,0.0224535,0.320636,-0.209598,0.0957623,-0.109642,0.0499576,-0.119693,-0.305128,0.145638,0.189276,0.0322047,-0.147458,-0.0608941,-0.1238,-0.305477,0.130874,0.168291,-0.0765416,0.0300693,0.307837,0.299569,0.303771,0.358129,0.133205,0.351595,0.333502,0.31548,0.350221,0,0,0,
0,0.011423,-0.0212585,0.0165279,0.387385,-0.241508,0.106383,-0.109335,0.0511011,-0.119152,-0.30505,0.144834,0.187631,0.0315183,-0.145844,-0.0600551,-0.124156,-0.301692,0.128075,0.171252,-0.0791991,0.0297546,0.307726,0.299598,0.304035,0.358177,0.132558,0.350917,0.333701,0.315565,0.35011,0,0,0,
0,0.0113724,-0.0189671,0.0103403,0.487814,-0.283428,0.108779,-0.108868,0.0503768,-0.118692,-0.307319,0.14167,0.184921,0.0316414,-0.143503,-0.0607985,-0.12586,-0.296426,0.122365,0.172774,-0.081313,0.0290937,0.307974,0.299751,0.304533,0.358573,0.13287,0.350079,0.333873,0.315503,0.349976,0,0,0,
0,0.0111162,-0.0184719,0.00659246,0.526232,-0.300181,0.109155,-0.108876,0.0500413,-0.118039,-0.309379,0.139842,0.183871,0.0317041,-0.142303,-0.0611161,-0.12896,-0.291985,0.118002,0.17287,-0.0827822,0.0288086,0.307896,0.299697,0.30457,0.358766,0.133171,0.350513,0.333951,0.315691,0.350405,0,0,0,
0,0.0143406,-0.0185307,-0.00224178,0.587044,-0.328109,0.110972,-0.109814,0.0500414,-0.119131,-0.313185,0.137772,0.184385,0.0319899,-0.138626,-0.0604027,-0.132799,-0.285546,0.113759,0.166938,-0.0852547,0.0282545,0.307801,0.299718,0.304683,0.359099,0.134383,0.349757,0.334262,0.315485,0.3505,0,0,0,
0,0.0185392,-0.0192118,-0.0134227,0.613583,-0.347988,0.116042,-0.111576,0.0519895,-0.120443,-0.315458,0.138488,0.188545,0.0314532,-0.1363,-0.0581273,-0.132375,-0.284712,0.113034,0.155232,-0.0859472,0.0279541,0.30796,0.299855,0.305021,0.359239,0.135337,0.350091,0.334213,0.315459,0.350601,0,0,0,
0,0.02297,-0.0185012,-0.020345,0.628421,-0.359497,0.117294,-0.113179,0.0533813,-0.121577,-0.316041,0.141123,0.190896,0.0311192,-0.137652,-0.056052,-0.130319,-0.287475,0.114548,0.149663,-0.0857601,0.0280841,0.307888,0.299899,0.304955,0.35912,0.135225,0.350745,0.334343,0.31553,0.350711,0,0,0,
0,0.0325548,-0.0174771,-0.0328369,0.646411,-0.375206,0.120404,-0.114033,0.0577061,-0.122905,-0.313406,0.142032,0.196165,0.0300685,-0.143425,-0.053237,-0.124487,-0.294871,0.113119,0.140764,-0.0802214,0.0279177,0.307924,0.300079,0.305145,0.359003,0.135443,0.352021,0.334227,0.315639,0.350669,0,0,0,
0,0.0434968,-0.0144085,-0.0461264,0.663172,-0.390184,0.121916,-0.113809,0.0617379,-0.120055,-0.310365,0.143892,0.198757,0.0294272,-0.150645,-0.0489744,-0.11964,-0.307085,0.114678,0.138378,-0.0741179,0.0279546,0.30821,0.300325,0.305275,0.358835,0.135799,0.353442,0.334272,0.315681,0.350801,0,0,0,
0,0.0482574,-0.0123215,-0.052229,0.670156,-0.39571,0.121953,-0.113483,0.0636092,-0.118833,-0.308069,0.145017,0.199495,0.0297408,-0.154563,-0.0474943,-0.118031,-0.311541,0.115266,0.138694,-0.0694881,0.0279478,0.308199,0.300422,0.305321,0.358652,0.135594,0.353774,0.333918,0.315425,0.350456,0,0,0,
0,0.0571143,-0.00858141,-0.06434,0.678423,-0.40354,0.122808,-0.112791,0.0674415,-0.117657,-0.304349,0.148373,0.200747,0.0316447,-0.159427,-0.043128,-0.120173,-0.32182,0.120386,0.142999,-0.0619474,0.0279894,0.308343,0.300606,0.30544,0.358437,0.134654,0.354253,0.333954,0.315481,0.350233,0,0,0,
0,0.059955,-0.00691795,-0.0690034,0.682687,-0.406966,0.122247,-0.112847,0.0688252,-0.117465,-0.302881,0.151299,0.200106,0.0324418,-0.160606,-0.0410484,-0.121225,-0.325673,0.123928,0.145718,-0.0591314,0.0281339,0.308409,0.300651,0.305278,0.358179,0.134072,0.354419,0.333813,0.315552,0.350431,0,0,0,
0,0.0618738,-0.00553821,-0.0735904,0.689856,-0.411206,0.119974,-0.111921,0.0703185,-0.117141,-0.300798,0.157672,0.19647,0.0335231,-0.160045,-0.0379819,-0.125617,-0.332057,0.131911,0.152931,-0.0565337,0.0286454,0.308307,0.300578,0.305026,0.357635,0.133147,0.354639,0.333925,0.315843,0.350613,0,0,0,
0,0.0606668,-0.00591543,-0.0716762,0.69794,-0.41295,0.115052,-0.11128,0.0693259,-0.116538,-0.30186,0.163733,0.191751,0.0353425,-0.157042,-0.0369468,-0.128402,-0.332844,0.139054,0.162202,-0.057053,0.0294285,0.308467,0.30028,0.304739,0.357339,0.132047,0.353871,0.333854,0.315887,0.350615,0,0,0,
0,0.0593507,-0.00700011,-0.0673592,0.700643,-0.411362,0.113202,-0.111232,0.0672967,-0.116291,-0.302636,0.166796,0.188486,0.0369176,-0.153573,-0.0374217,-0.130424,-0.330813,0.141046,0.166097,-0.0579114,0.0302204,0.308475,0.300332,0.304729,0.357415,0.132391,0.353458,0.333884,0.315947,0.350569,0,0,0,
0,0.0588942,-0.00977816,-0.0561032,0.702336,-0.40365,0.10981,-0.114979,0.0650808,-0.118776,-0.303376,0.172426,0.182694,0.0391062,-0.145147,-0.0391379,-0.138885,-0.323458,0.147117,0.175092,-0.0601579,0.0304143,0.308295,0.29954,0.304043,0.3573,0.132573,0.352139,0.334093,0.316091,0.350731,0,0,0,
0,0.0567639,-0.0136155,-0.0380391,0.70385,-0.386069,0.104586,-0.121045,0.0616866,-0.124953,-0.309836,0.176959,0.175964,0.0410419,-0.135349,-0.042524,-0.148772,-0.311356,0.148731,0.182636,-0.0645627,0.0303616,0.307864,0.299554,0.303602,0.357546,0.132562,0.350164,0.334148,0.316185,0.350885,0,0,0,
0,0.0555929,-0.014381,-0.0294275,0.70741,-0.377601,0.101209,-0.125063,0.0608716,-0.127251,-0.312141,0.178916,0.174298,0.040473,-0.130748,-0.0418733,-0.15355,-0.30389,0.151671,0.183426,-0.0684605,0.0303606,0.307841,0.299114,0.303505,0.357569,0.132495,0.349002,0.334068,0.316185,0.35107,0,0,0,
0,0.0506315,-0.0128989,-0.0108098,0.720285,-0.362196,0.0924848,-0.134161,0.0600269,-0.127566,-0.319326,0.183312,0.172254,0.0361237,-0.124299,-0.0446402,-0.15386,-0.293389,0.153226,0.180852,-0.0758799,0.0311623,0.307765,0.299034,0.303027,0.357757,0.132715,0.347556,0.334238,0.316425,0.350892,0,0,0,
0,0.0436626,-0.00722708,0.0106556,0.73838,-0.350562,0.0814889,-0.142667,0.0576631,-0.124012,-0.323105,0.1813,0.173772,0.0289731,-0.118863,-0.0499307,-0.151918,-0.287045,0.148873,0.1752,-0.0794346,0.0309285,0.307407,0.298617,0.302496,0.357736,0.132834,0.34652,0.334354,0.31662,0.350773,0,0,0,
0,0.0411524,-0.00419957,0.0200052,0.747154,-0.346178,0.0766973,-0.145119,0.0549858,-0.121272,-0.324067,0.179595,0.174695,0.0262478,-0.116706,-0.0527086,-0.151261,-0.286402,0.14831,0.17349,-0.0808677,0.0308164,0.307393,0.298593,0.302348,0.357922,0.132904,0.346103,0.334442,0.316687,0.350773,0,0,0,
0,0.036003,0.00311385,0.0397355,0.766643,-0.3365,0.0687194,-0.147379,0.0509888,-0.111075,-0.325786,0.173403,0.175428,0.0179776,-0.115243,-0.0600474,-0.147233,-0.286086,0.145167,0.172637,-0.0847295,0.0303791,0.307223,0.298534,0.302018,0.357965,0.133118,0.345327,0.334126,0.316394,0.350518,0,0,0,
0,0.0317159,0.00619675,0.0581606,0.783329,-0.325095,0.0702581,-0.144889,0.0439196,-0.0979164,-0.32547,0.160996,0.177212,0.0133221,-0.11519,-0.0668858,-0.141295,-0.282899,0.13699,0.172263,-0.0886923,0.0298397,0.307387,0.298541,0.301911,0.358207,0.134011,0.345113,0.334111,0.316094,0.350157,0,0,0,
0,0.0312195,0.00605174,0.0633139,0.789075,-0.323786,0.0765918,-0.142262,0.042779,-0.0934365,-0.325724,0.154609,0.177945,0.0134003,-0.11571,-0.0689886,-0.14016,-0.28136,0.13197,0.171546,-0.0892626,0.0294361,0.307382,0.298529,0.302068,0.358365,0.134264,0.344953,0.333876,0.315812,0.349914,0,0,0,
0,0.0336997,0.00326796,0.0671912,0.79372,-0.325878,0.0895477,-0.138326,0.041816,-0.0901799,-0.325023,0.143795,0.180879,0.0149677,-0.116273,-0.070887,-0.139779,-0.278714,0.122908,0.167133,-0.0910191,0.0288255,0.307261,0.298382,0.302208,0.358602,0.134804,0.345435,0.333686,0.315436,0.349491,0,0,0,
0,0.0358801,0.0013265,0.0664886,0.793525,-0.328711,0.0965553,-0.136859,0.0417667,-0.0914706,-0.323681,0.14133,0.182544,0.0158722,-0.117489,-0.0717839,-0.138355,-0.278687,0.118128,0.162785,-0.0915272,0.0287269,0.307287,0.298448,0.302403,0.358447,0.135576,0.34595,0.333753,0.315306,0.349362,0,0,0,
0,0.043923,-0.00283275,0.0597667,0.784899,-0.335889,0.107765,-0.134251,0.0430807,-0.0927633,-0.32,0.140361,0.188953,0.0170708,-0.120384,-0.0717666,-0.132325,-0.280519,0.113361,0.153528,-0.0928196,0.0285163,0.307528,0.298916,0.302762,0.358608,0.136342,0.347728,0.333858,0.315171,0.34922,0,0,0,
0,0.0527678,-0.00588378,0.0495407,0.776943,-0.344479,0.116299,-0.130987,0.046015,-0.0959381,-0.311812,0.141225,0.194015,0.0179755,-0.1284,-0.0718358,-0.120774,-0.286905,0.107305,0.14543,-0.0908315,0.0283472,0.307794,0.299389,0.303027,0.358428,0.136527,0.34993,0.333872,0.315086,0.349104,0,0,0,
0,0.0570703,-0.00677483,0.0439478,0.773615,-0.349406,0.120071,-0.129198,0.0478237,-0.0963758,-0.3079,0.140089,0.196545,0.0179408,-0.132652,-0.0715752,-0.114361,-0.291849,0.103785,0.14205,-0.0889664,0.0282816,0.307858,0.299556,0.303141,0.358386,0.13732,0.351205,0.333908,0.315086,0.349193,0,0,0,
0,0.069772,-0.00865404,0.0268989,0.762306,-0.364165,0.129684,-0.123873,0.0533048,-0.0965977,-0.30013,0.143235,0.199429,0.0189909,-0.141826,-0.0690802,-0.10318,-0.300199,0.103959,0.137693,-0.0826261,0.0284197,0.308307,0.299821,0.303536,0.358278,0.137272,0.353519,0.334025,0.31525,0.349007,0,0,0,
0,0.0796134,-0.00795655,0.0118889,0.759105,-0.378919,0.134113,-0.120818,0.0580971,-0.0961969,-0.29387,0.143489,0.201795,0.0200467,-0.15243,-0.0697385,-0.0981969,-0.312837,0.103851,0.13738,-0.0739586,0.0285323,0.308873,0.300444,0.304081,0.358045,0.137784,0.355591,0.334085,0.3153,0.348994,0,0,0,
0,0.0845623,-0.00661863,0.00494742,0.758805,-0.385678,0.134864,-0.118323,0.0587376,-0.0959266,-0.290752,0.144327,0.201749,0.0209657,-0.157529,-0.0700392,-0.0981927,-0.318542,0.106171,0.139964,-0.070121,0.028398,0.309137,0.300663,0.304271,0.357893,0.13673,0.356311,0.334156,0.315403,0.349164,0,0,0,
0,0.0929601,-0.000595541,-0.0095428,0.76235,-0.399718,0.132579,-0.116064,0.061947,-0.0973156,-0.286056,0.148847,0.20177,0.0232597,-0.166881,-0.0681687,-0.0995056,-0.328052,0.112581,0.145603,-0.06248,0.0285919,0.309368,0.301015,0.304574,0.357442,0.135758,0.35744,0.334187,0.315357,0.349303,0,0,0,
0,0.0974982,0.00361913,-0.0198926,0.767369,-0.406979,0.131458,-0.113434,0.0635289,-0.101319,-0.280729,0.154319,0.201898,0.0263715,-0.168921,-0.0663135,-0.10659,-0.334126,0.11602,0.154136,-0.0568901,0.028807,0.309683,0.301225,0.304713,0.357082,0.134617,0.357352,0.334174,0.315483,0.349622,0,0,0,
0,0.0985739,0.00437031,-0.024043,0.769938,-0.409402,0.131666,-0.112496,0.0642173,-0.103506,-0.278616,0.157787,0.200619,0.028013,-0.167395,-0.0658183,-0.111728,-0.335611,0.118799,0.158062,-0.0561692,0.0291324,0.309805,0.301346,0.304726,0.356876,0.134202,0.356945,0.334167,0.315295,0.349685,0,0,0,
0,0.0979998,0.0047464,-0.0300918,0.775132,-0.412318,0.134485,-0.112372,0.0659398,-0.108509,-0.276499,0.166117,0.195687,0.0309049,-0.163126,-0.0640409,-0.11989,-0.334399,0.126018,0.166026,-0.0592239,0.0299373,0.309945,0.301241,0.304605,0.356495,0.133564,0.355835,0.333791,0.315386,0.350033,0,0,0,
0,0.0951819,0.00517409,-0.031968,0.779645,-0.412038,0.136899,-0.115128,0.0654631,-0.114449,-0.278575,0.176719,0.189121,0.0322842,-0.157876,-0.0630739,-0.124898,-0.328239,0.132412,0.171286,-0.0651483,0.0304676,0.309814,0.300925,0.304022,0.356173,0.133551,0.35458,0.333809,0.31534,0.350423,0,0,0,
0,0.0915883,0.00568342,-0.0309986,0.782387,-0.410508,0.137284,-0.117612,0.0647707,-0.118002,-0.279902,0.180352,0.185953,0.0325064,-0.155404,-0.0631022,-0.126378,-0.322584,0.133958,0.172771,-0.0683784,0.0301355,0.309627,0.300645,0.303672,0.356052,0.133906,0.353664,0.333834,0.3154,0.350801,0,0,0,
0,0.0829696,0.0063686,-0.0263889,0.783413,-0.405304,0.134754,-0.122942,0.0640617,-0.120332,-0.288046,0.184748,0.17795,0.0313718,-0.149185,-0.0640452,-0.127192,-0.312087,0.135969,0.172765,-0.0739612,0.0302095,0.309045,0.300008,0.302889,0.356143,0.134496,0.352149,0.333797,0.315497,0.350644,0,0,0,
0,0.0781221,0.00689996,-0.0224967,0.777895,-0.401994,0.130631,-0.126668,0.0636454,-0.12011,-0.292475,0.185484,0.172771,0.0290405,-0.146396,-0.0656678,-0.128038,-0.307792,0.135604,0.17212,-0.0761121,0.0305332,0.308635,0.299575,0.302373,0.355944,0.134794,0.351328,0.333605,0.315496,0.350796,0,0,0,
0,0.068954,0.00720733,-0.0148803,0.747474,-0.392874,0.124997,-0.132921,0.0629703,-0.115107,-0.304116,0.183574,0.166328,0.0242533,-0.140644,-0.0688996,-0.130914,-0.298767,0.135492,0.171794,-0.0795348,0.0301219,0.307804,0.298919,0.301595,0.355833,0.135073,0.349777,0.333627,0.315536,0.350224,0,0,0,
0,0.059022,0.00741074,-0.00712176,0.654614,-0.374927,0.109164,-0.141292,0.0616594,-0.108389,-0.315468,0.179411,0.164733,0.0190387,-0.136313,-0.0717092,-0.132347,-0.288952,0.137556,0.168827,-0.0826095,0.0293574,0.307215,0.298476,0.30087,0.356048,0.135137,0.348436,0.333386,0.31551,0.350468,0,0,0,
0,0.0537605,0.00795193,-0.00188317,0.599746,-0.362666,0.0977149,-0.145469,0.0600467,-0.103958,-0.321874,0.175429,0.16594,0.0163889,-0.135076,-0.0724722,-0.130759,-0.284557,0.138596,0.167302,-0.0852932,0.0288652,0.307365,0.298202,0.30079,0.356047,0.135348,0.347953,0.333453,0.315487,0.350447,0,0,0,
0,0.0427105,0.00947504,0.00939502,0.47563,-0.332761,0.0706535,-0.151796,0.0561744,-0.0975631,-0.331496,0.170499,0.168033,0.0111099,-0.135183,-0.0741167,-0.126207,-0.277137,0.135867,0.164305,-0.0879044,0.0282959,0.307036,0.297845,0.300244,0.356285,0.135671,0.347287,0.333631,0.31557,0.350182,0,0,0,
0,0.0331294,0.0109413,0.0198647,0.335038,-0.301329,0.0402089,-0.15535,0.0519661,-0.0948191,-0.337601,0.168381,0.171321,0.0078586,-0.135727,-0.0752333,-0.123352,-0.271609,0.132466,0.161859,-0.088838,0.0275895,0.306791,0.297627,0.300192,0.356405,0.135749,0.347161,0.333758,0.315773,0.350203,0,0,0,
0,0.028791,0.0114264,0.02483,0.279524,-0.287919,0.0274218,-0.15626,0.0501724,-0.092121,-0.340069,0.166041,0.173837,0.00692945,-0.13616,-0.0759147,-0.122253,-0.269437,0.131066,0.161311,-0.0896535,0.0274184,0.306777,0.297781,0.300276,0.356477,0.135775,0.347043,0.333828,0.315898,0.350237,0,0,0,
0,0.0248569,0.0109167,0.0325147,0.156506,-0.265525,0.0038301,-0.1555,0.0484775,-0.0885133,-0.341925,0.162673,0.17888,0.00485741,-0.136803,-0.0753949,-0.120361,-0.265747,0.128446,0.159686,-0.0918458,0.0269367,0.30693,0.29791,0.300543,0.356767,0.136139,0.347043,0.333978,0.316082,0.350224,0,0,0,
0,0.023964,0.0110913,0.037378,0.0812199,-0.2543,-0.0114182,-0.153252,0.04743,-0.0830041,-0.34022,0.158534,0.184942,0.00490833,-0.139031,-0.0749594,-0.116054,-0.263427,0.121771,0.158237,-0.0935435,0.0269615,0.307321,0.298249,0.300903,0.357054,0.136537,0.347226,0.334101,0.316043,0.350036,0,0,0,
0,0.0230872,0.0102453,0.0388932,0.058851,-0.250798,-0.0159456,-0.150348,0.0470147,-0.0815786,-0.337921,0.156734,0.188535,0.00559018,-0.139241,-0.074788,-0.115244,-0.261888,0.119045,0.157281,-0.0941752,0.0268821,0.307439,0.298335,0.301123,0.356955,0.136609,0.347365,0.33417,0.316089,0.350006,0,0,0,
0,0.0218665,0.00872686,0.0398492,0.0183668,-0.246534,-0.0239895,-0.144984,0.046567,-0.0818185,-0.331319,0.153557,0.192918,0.00915471,-0.141106,-0.0751247,-0.114428,-0.261866,0.115389,0.152933,-0.0943995,0.027,0.307539,0.298796,0.301775,0.357113,0.137125,0.348197,0.334288,0.316158,0.349857,0,0,0,
0,0.022144,0.0064293,0.0377035,-0.0125362,-0.244129,-0.0291367,-0.140543,0.0462544,-0.0881883,-0.322045,0.153856,0.198604,0.0133789,-0.144853,-0.0751951,-0.114018,-0.264159,0.111479,0.150431,-0.0940449,0.0271372,0.30776,0.29933,0.302475,0.357521,0.137286,0.349293,0.334213,0.316006,0.349782,0,0,0,
0,0.0232214,0.00494837,0.0357722,-0.0264055,-0.242762,-0.0305623,-0.13834,0.046168,-0.0932243,-0.315511,0.156233,0.200625,0.0153967,-0.146708,-0.0749128,-0.11326,-0.265041,0.109755,0.148245,-0.0938543,0.027357,0.307908,0.299555,0.30282,0.357631,0.137324,0.3499,0.334227,0.316025,0.34977,0,0,0,
0,0.0278226,0.0021551,0.0292479,-0.0537257,-0.24017,-0.0314093,-0.134591,0.0472218,-0.101475,-0.302574,0.164119,0.205442,0.0189038,-0.150935,-0.0738256,-0.10969,-0.269632,0.108761,0.142819,-0.0910573,0.0276785,0.308327,0.300069,0.303467,0.3574,0.137726,0.351339,0.334138,0.315951,0.349643,0,0,0,
0,0.030131,0.00170648,0.0247064,-0.0624061,-0.239766,-0.0289955,-0.13325,0.0482682,-0.107219,-0.295135,0.16873,0.207158,0.0210218,-0.153989,-0.0728185,-0.109526,-0.27289,0.10897,0.139348,-0.0879031,0.0279727,0.30857,0.300412,0.303845,0.357272,0.137615,0.352355,0.334062,0.315974,0.349584,0,0,0,
0,0.0347532,0.00261874,0.0148202,-0.0880987,-0.238591,-0.0280072,-0.130251,0.050862,-0.116576,-0.284404,0.178035,0.20926,0.0246925,-0.160284,-0.0716318,-0.110231,-0.284749,0.112173,0.138001,-0.0805077,0.0285811,0.309133,0.300971,0.304646,0.357255,0.138281,0.353745,0.334205,0.316072,0.349395,0,0,0,
0,0.0371508,0.0052386,0.0040096,-0.110532,-0.240855,-0.026337,-0.127688,0.0534525,-0.125231,-0.27562,0.186623,0.209044,0.0275883,-0.167653,-0.0701299,-0.113601,-0.297064,0.117342,0.140854,-0.0726661,0.0286928,0.309625,0.301458,0.305303,0.357299,0.13762,0.354731,0.334163,0.315926,0.349619,0,0,0,
0,0.0383443,0.00780404,-0.00195246,-0.119522,-0.244226,-0.0247229,-0.127425,0.0549974,-0.127479,-0.273166,0.191132,0.207385,0.0290917,-0.171991,-0.0692032,-0.11526,-0.302812,0.120751,0.143633,-0.0694397,0.0291165,0.309832,0.301607,0.305652,0.357283,0.137276,0.355168,0.334156,0.315935,0.34974,0,0,0,
0,0.0404361,0.0122275,-0.0115412,-0.134436,-0.254619,-0.0197389,-0.126454,0.0568511,-0.130876,-0.269138,0.196546,0.204103,0.0311845,-0.176728,-0.066942,-0.121253,-0.310928,0.125856,0.150586,-0.0651682,0.0292191,0.309828,0.301659,0.305791,0.357086,0.136708,0.355329,0.334151,0.315896,0.349958,0,0,0,
0,0.0411423,0.0124013,-0.0187821,-0.144337,-0.26178,-0.0153422,-0.124485,0.0582382,-0.134383,-0.267762,0.199945,0.198788,0.0322955,-0.176433,-0.0645072,-0.12777,-0.313135,0.129346,0.156745,-0.0643624,0.0291478,0.309739,0.301608,0.305747,0.35687,0.136076,0.355196,0.334123,0.315927,0.350208,0,0,0,
0,0.0415721,0.0122445,-0.0214424,-0.147523,-0.264916,-0.0142147,-0.124417,0.0584362,-0.13434,-0.268984,0.200793,0.196099,0.0326015,-0.17586,-0.0636013,-0.129715,-0.313142,0.131147,0.158161,-0.0647875,0.0288056,0.309809,0.301631,0.305697,0.356941,0.136234,0.355012,0.334047,0.31597,0.350245,0,0,0,
0,0.0420652,0.0123407,-0.0253535,-0.150964,-0.268901,-0.0117683,-0.12557,0.0592064,-0.133267,-0.273336,0.201189,0.191275,0.0331507,-0.174285,-0.0620787,-0.132407,-0.312273,0.132075,0.160118,-0.0659169,0.0288956,0.309766,0.30155,0.305436,0.356926,0.135974,0.354664,0.334136,0.316012,0.350534,0,0,0,
0,0.0410438,0.0113285,-0.0267924,-0.146082,-0.268556,-0.0123275,-0.128456,0.0583658,-0.135091,-0.277437,0.201191,0.190021,0.0339197,-0.172347,-0.0608483,-0.134386,-0.309434,0.131071,0.160391,-0.0676908,0.0287617,0.30965,0.30119,0.305065,0.356905,0.135879,0.354288,0.334057,0.316198,0.350541,0,0,0,
0,0.0401599,0.0107506,-0.0269033,-0.14363,-0.268595,-0.012491,-0.129872,0.0578455,-0.137178,-0.278967,0.202308,0.189607,0.0340998,-0.171527,-0.0603892,-0.134316,-0.307955,0.13052,0.160218,-0.0688144,0.0283649,0.309629,0.301003,0.304901,0.356886,0.135852,0.354139,0.33409,0.316255,0.350669,0,0,0,
0,0.0388084,0.0100015,-0.0266973,-0.140611,-0.27018,-0.012601,-0.133595,0.0578202,-0.137522,-0.283226,0.203202,0.189801,0.0337291,-0.170931,-0.059549,-0.133128,-0.304292,0.129683,0.159151,-0.0711992,0.0284321,0.309585,0.300985,0.304611,0.357137,0.135804,0.353958,0.334218,0.316331,0.35069,0,0,0,
0,0.0374255,0.00878598,-0.0257819,-0.141219,-0.272621,-0.0131906,-0.135878,0.0576995,-0.137665,-0.286148,0.20272,0.190728,0.0333572,-0.170108,-0.0597547,-0.131388,-0.301221,0.128383,0.156988,-0.071736,0.0284577,0.309587,0.301063,0.304583,0.357298,0.135886,0.354018,0.334418,0.316513,0.350665,0,0,0,
0,0.0366662,0.00849248,-0.0250845,-0.143287,-0.274782,-0.0140695,-0.137,0.0577033,-0.137955,-0.287203,0.202675,0.191628,0.0332277,-0.169598,-0.0603062,-0.131172,-0.300691,0.127704,0.156112,-0.0713033,0.0284158,0.309528,0.301137,0.304622,0.357405,0.135951,0.354031,0.334451,0.316585,0.350691,0,0,0,
0,0.0354206,0.00859446,-0.0237736,-0.145104,-0.279226,-0.0164341,-0.139065,0.0579281,-0.138396,-0.288622,0.20235,0.194983,0.0327314,-0.169162,-0.0611263,-0.132346,-0.30076,0.127544,0.15496,-0.069798,0.0281681,0.309697,0.301264,0.30475,0.357547,0.135965,0.354066,0.334382,0.316655,0.350639,0,0,0,
0,0.0351503,0.00888738,-0.0233889,-0.145805,-0.280778,-0.0175019,-0.139865,0.0579543,-0.139107,-0.288329,0.202633,0.196969,0.0323523,-0.169098,-0.0611,-0.133099,-0.301176,0.128018,0.154593,-0.0691695,0.0280018,0.309734,0.301254,0.304831,0.357573,0.135983,0.354148,0.334312,0.316623,0.350636,0,0,0,
0,0.0349107,0.00880237,-0.0219992,-0.14637,-0.280377,-0.0193225,-0.139881,0.0578494,-0.140107,-0.285524,0.203858,0.200627,0.0325671,-0.16863,-0.0608134,-0.134912,-0.301822,0.12946,0.154127,-0.068895,0.0278363,0.310041,0.301299,0.305149,0.357673,0.135893,0.354276,0.334264,0.316654,0.350653,0,0,0,
0,0.0339588,0.00552975,-0.0200616,-0.144992,-0.273177,-0.0205825,-0.139308,0.0581762,-0.142175,-0.279498,0.208242,0.205634,0.0336999,-0.168444,-0.060636,-0.138437,-0.301441,0.131934,0.153516,-0.070102,0.0279783,0.310327,0.301239,0.305405,0.35765,0.135909,0.354656,0.33431,0.316705,0.350655,0,0,0,
0,0.0331233,-0.00204594,-0.0180459,-0.142092,-0.260486,-0.023985,-0.135378,0.057507,-0.145077,-0.272921,0.212533,0.208345,0.0352399,-0.16538,-0.060986,-0.140749,-0.298532,0.132798,0.154526,-0.070977,0.0281589,0.310433,0.301626,0.305711,0.357841,0.135648,0.354946,0.334325,0.316661,0.350579,0,0,0,
0,0.0296771,-0.0215648,-0.0124859,-0.133039,-0.232908,-0.0302615,-0.126561,0.0557357,-0.151364,-0.261866,0.222945,0.208526,0.0392029,-0.159772,-0.0627298,-0.14294,-0.293176,0.137095,0.151666,-0.0722654,0.0284508,0.310648,0.30186,0.305887,0.357738,0.135607,0.356028,0.334336,0.316704,0.350377,0,0,0,
0,0.0239713,-0.0360135,-0.00538101,-0.124931,-0.218332,-0.0307461,-0.12451,0.0540225,-0.158265,-0.25498,0.230927,0.204424,0.043215,-0.162294,-0.0656206,-0.142391,-0.291172,0.141337,0.14869,-0.0713117,0.0288442,0.310283,0.301426,0.305332,0.35753,0.136423,0.357032,0.334209,0.316502,0.349979,0,0,0,
0,0.0211606,-0.0406181,-0.00189202,-0.12275,-0.215654,-0.0287486,-0.12518,0.0530231,-0.16321,-0.253603,0.235232,0.200804,0.044519,-0.163932,-0.0670501,-0.144416,-0.287984,0.143941,0.146904,-0.0701983,0.0289036,0.310284,0.301308,0.305153,0.35751,0.136271,0.357707,0.3343,0.31637,0.349666,0,0,0,
0,0.0157689,-0.0490895,0.00427107,-0.122365,-0.214372,-0.0173726,-0.126101,0.0524388,-0.169742,-0.255929,0.243014,0.194391,0.0432256,-0.165179,-0.0690381,-0.142552,-0.289644,0.144368,0.149643,-0.0668345,0.0293235,0.310013,0.301029,0.304944,0.357706,0.136125,0.358131,0.334202,0.316477,0.34959,0,0,0,
0,0.0119301,-0.0555835,0.0100203,-0.123428,-0.210071,-0.0077795,-0.130488,0.0523723,-0.163879,-0.260907,0.243555,0.192236,0.0391813,-0.166478,-0.0703532,-0.144393,-0.288896,0.149967,0.154802,-0.0658302,0.0288589,0.309923,0.300835,0.305063,0.357878,0.135883,0.358184,0.333982,0.316804,0.349358,0,0,0,
0,0.00958362,-0.0599807,0.0127182,-0.123278,-0.204843,-0.00411757,-0.131167,0.0519004,-0.160874,-0.262202,0.242391,0.192498,0.0371621,-0.165447,-0.0707588,-0.145042,-0.287571,0.151112,0.15719,-0.0649486,0.0286298,0.309916,0.300753,0.305234,0.358163,0.135896,0.358428,0.334137,0.316945,0.349299,0,0,0,
0,0.00401542,-0.0701803,0.0182987,-0.121708,-0.189726,0.00186323,-0.131734,0.050253,-0.156405,-0.263576,0.238618,0.192376,0.0330695,-0.160427,-0.0718663,-0.151933,-0.283323,0.151242,0.162704,-0.0620221,0.0283078,0.309749,0.30047,0.305296,0.358484,0.135753,0.358401,0.334331,0.317101,0.349093,0,0,0,
0,-0.000931651,-0.0765007,0.0228211,-0.119362,-0.176959,0.00780302,-0.131252,0.0498154,-0.145949,-0.266484,0.231867,0.19247,0.026985,-0.159509,-0.0712328,-0.164616,-0.276758,0.154865,0.169214,-0.0619491,0.0280959,0.31006,0.300591,0.305583,0.358843,0.136179,0.357666,0.334227,0.317142,0.349188,0,0,0,
0,-0.00291671,-0.078333,0.024914,-0.116947,-0.172092,0.00920858,-0.130351,0.048964,-0.138361,-0.267473,0.228726,0.194526,0.0222162,-0.158499,-0.070647,-0.171584,-0.271541,0.15857,0.171586,-0.0644042,0.0273396,0.30975,0.300551,0.30569,0.35853,0.136486,0.357348,0.334417,0.317232,0.34963,0,0,0,
0,-0.00494586,-0.0793612,0.0281745,-0.110969,-0.163663,0.0111533,-0.127203,0.0456127,-0.117403,-0.266625,0.220193,0.201013,0.0165607,-0.154926,-0.0683762,-0.183117,-0.26125,0.165108,0.168577,-0.0739545,0.0276688,0.30966,0.300518,0.305872,0.358808,0.139155,0.357575,0.335453,0.318472,0.350702,0,0,0,
0,-0.00540354,-0.0797914,0.0291188,-0.105618,-0.15952,0.0124645,-0.125069,0.043781,-0.109137,-0.264982,0.216461,0.204744,0.0154097,-0.151992,-0.0672185,-0.188204,-0.257613,0.167533,0.165375,-0.0786428,0.0274246,0.30968,0.300622,0.305909,0.358639,0.140702,0.358293,0.336485,0.319456,0.351281,0,0,0,
0,-0.00593584,-0.080642,0.0300521,-0.095255,-0.152821,0.0165645,-0.119218,0.0400246,-0.097236,-0.259399,0.210749,0.210721,0.0158931,-0.145709,-0.0648018,-0.198639,-0.250643,0.17142,0.161442,-0.0845156,0.0280723,0.309969,0.30076,0.306118,0.357562,0.144131,0.359159,0.337921,0.320815,0.352642,0,0,0,
0,-0.0062734,-0.0827591,0.0297251,-0.0857326,-0.147093,0.020769,-0.109576,0.0382473,-0.0880642,-0.252895,0.206033,0.212648,0.0175389,-0.138263,-0.0623611,-0.209356,-0.243689,0.175939,0.160327,-0.0869549,0.0286018,0.310216,0.301139,0.305788,0.356145,0.145078,0.358474,0.337913,0.320043,0.353155,0,0,0,
0,-0.00636719,-0.084716,0.0293215,-0.0813595,-0.145361,0.02236,-0.10279,0.0373095,-0.0835734,-0.250778,0.204019,0.211726,0.018326,-0.133975,-0.0613105,-0.214619,-0.240669,0.177895,0.161084,-0.0850287,0.0293573,0.310383,0.301299,0.305957,0.355682,0.144677,0.3569,0.337049,0.318538,0.352904,0,0,0,
0,-0.00748196,-0.0875384,0.0294094,-0.0732109,-0.145942,0.0242453,-0.09294,0.034337,-0.077303,-0.247615,0.201737,0.213787,0.0195837,-0.129044,-0.060124,-0.224455,-0.236103,0.181331,0.164385,-0.0793232,0.0297441,0.310985,0.301631,0.305781,0.354339,0.143657,0.351897,0.334139,0.312644,0.349935,0,0,0,
0,-0.00918601,-0.0872404,0.0291376,-0.0660008,-0.151936,0.0241074,-0.086111,0.0298419,-0.082037,-0.24446,0.203838,0.216699,0.0233711,-0.126517,-0.0583292,-0.232958,-0.233656,0.184312,0.164183,-0.0756477,0.0298611,0.311533,0.302205,0.304116,0.352367,0.142057,0.34684,0.330976,0.305876,0.343985,0,0,0,
0,-0.00955063,-0.0870747,0.0287785,-0.0632456,-0.154745,0.0238378,-0.0842235,0.0285315,-0.0885807,-0.242634,0.20775,0.216325,0.0252708,-0.125671,-0.0573022,-0.235081,-0.233305,0.186169,0.16229,-0.0757916,0.0302434,0.311605,0.302078,0.302536,0.350778,0.141889,0.344821,0.329694,0.303132,0.340489,0,0,0,
0,-0.00997959,-0.0885031,0.0276889,-0.0606055,-0.1569,0.024196,-0.080825,0.0280739,-0.100736,-0.242129,0.214704,0.211952,0.0292631,-0.124839,-0.0558847,-0.233673,-0.234504,0.185597,0.157553,-0.074677,0.0311757,0.311431,0.301883,0.301127,0.348934,0.14149,0.339995,0.327181,0.298374,0.334872,0,0,0,
0,-0.0111295,-0.0915557,0.0274578,-0.0578867,-0.156299,0.0243931,-0.0778623,0.0301424,-0.105189,-0.245542,0.214473,0.206886,0.0305442,-0.124504,-0.0560889,-0.232076,-0.237248,0.183217,0.155552,-0.0713446,0.031398,0.311281,0.301769,0.300838,0.348743,0.141225,0.333785,0.32347,0.288845,0.326392,0,0,0,
0,-0.0110699,-0.0930107,0.027408,-0.0570045,-0.156769,0.0238856,-0.0775143,0.0309578,-0.105015,-0.247096,0.213589,0.206092,0.0295761,-0.124642,-0.056042,-0.231663,-0.238176,0.182813,0.155956,-0.0698497,0.0314888,0.311149,0.301603,0.300682,0.348586,0.140781,0.330066,0.319496,0.283316,0.321113,0,0,0,
0,-0.0110372,-0.0927354,0.0273947,-0.0554727,-0.160911,0.0226921,-0.0783284,0.0316382,-0.102433,-0.249392,0.210164,0.205518,0.0264956,-0.125608,-0.0554867,-0.229456,-0.23886,0.181984,0.15494,-0.0665169,0.031276,0.310742,0.301224,0.300161,0.347904,0.139749,0.320635,0.30915,0.267674,0.308035,0,0,0,
0,-0.00966943,-0.0915202,0.026313,-0.0556449,-0.163431,0.0212612,-0.078877,0.031018,-0.0978062,-0.251377,0.205485,0.204715,0.0236013,-0.125725,-0.0544722,-0.228473,-0.239062,0.181097,0.155121,-0.0614313,0.0313399,0.310663,0.30048,0.299103,0.346779,0.137068,0.305965,0.291215,0.246859,0.291589,0,0,0,
0,-0.0096999,-0.0911715,0.0260689,-0.055298,-0.163404,0.0207884,-0.0784366,0.0303979,-0.0953096,-0.252333,0.202575,0.204606,0.0224591,-0.125143,-0.0539853,-0.230802,-0.238404,0.181124,0.155356,-0.0590926,0.0312943,0.310412,0.30031,0.298606,0.346043,0.134915,0.298954,0.280404,0.237471,0.284651,0,0,0,
0,-0.00958107,-0.0908893,0.0252104,-0.0552369,-0.162606,0.0202291,-0.0786481,0.0295813,-0.0893431,-0.254132,0.196889,0.204999,0.0207069,-0.123988,-0.0531905,-0.233774,-0.236829,0.182891,0.152921,-0.0577102,0.0310424,0.309843,0.299503,0.297028,0.344863,0.13089,0.284845,0.266119,0.223988,0.270452,0,0,0,
0,-0.00875736,-0.0907456,0.024689,-0.055523,-0.162972,0.0195199,-0.0788566,0.0290324,-0.0873823,-0.255111,0.194848,0.2054,0.0200136,-0.123436,-0.0531207,-0.233702,-0.236631,0.182546,0.151443,-0.0593047,0.0309504,0.308892,0.298817,0.295934,0.344338,0.129117,0.281427,0.262707,0.220428,0.264303,0,0,0,
0,-0.0073751,-0.0901451,0.0235316,-0.0566463,-0.165105,0.0193458,-0.079497,0.0282675,-0.0869248,-0.256866,0.193496,0.206166,0.0197467,-0.122662,-0.0528064,-0.232886,-0.236842,0.180761,0.148539,-0.0623279,0.0310514,0.307661,0.297333,0.293066,0.342569,0.126608,0.277166,0.259516,0.217258,0.255912,0,0,0,
0,-0.00623808,-0.0894885,0.0223577,-0.05741,-0.164653,0.0193612,-0.0799703,0.0284259,-0.0872416,-0.257971,0.193952,0.206137,0.0206635,-0.121837,-0.0520567,-0.230809,-0.237333,0.178948,0.144765,-0.0640355,0.031533,0.30748,0.296885,0.292008,0.341597,0.125993,0.274711,0.257428,0.214334,0.253385,0,0,0,
0,-0.00601222,-0.0891471,0.0220266,-0.0570787,-0.163376,0.0189489,-0.0801854,0.0285435,-0.0877939,-0.25833,0.194177,0.206118,0.0211327,-0.121616,-0.0515941,-0.229809,-0.237716,0.177922,0.143708,-0.0644036,0.0317511,0.307516,0.296901,0.292046,0.341461,0.125611,0.27353,0.256863,0.21376,0.25355,0,0,0,
0,-0.00572548,-0.0887863,0.0217987,-0.0561082,-0.159741,0.0177175,-0.080153,0.0291942,-0.0883982,-0.258923,0.194877,0.205194,0.0212644,-0.12114,-0.0510822,-0.228305,-0.238159,0.176284,0.143014,-0.0648763,0.0320536,0.307653,0.297092,0.29214,0.341398,0.125188,0.271736,0.256653,0.214049,0.255095,0,0,0,
