0,0.0265934,0.139355,-0.00653591,-0.021002,-0.16321,0.000781087,-0.186863,0.0444949,-0.172962,-0.130169,0.240711,-0.0590364,0.158054,-0.222832,-0.0300919,-0.102682,-0.0672334,0.0919542,-0.0306797,-0.119369,0.120529,0.344599,0.31698,0.306149,0.329308,0.173606,0.360024,0.380071,0.290399,0.315257,0,0,0,
0,0.0272961,0.139957,-0.00697493,-0.021524,-0.162779,0.00114973,-0.187291,0.0442069,-0.172022,-0.130853,0.240242,-0.0591724,0.158001,-0.223361,-0.0301252,-0.104459,-0.0671441,0.0938756,-0.0303797,-0.118495,0.120443,0.344586,0.316891,0.306027,0.32931,0.173549,0.360099,0.380043,0.290434,0.315264,0,0,0,
0,0.0273352,0.140054,-0.00714024,-0.0215508,-0.160181,0.000974759,-0.186988,0.0438169,-0.170763,-0.131626,0.239161,-0.0591577,0.157186,-0.223314,-0.0300379,-0.117147,-0.0666671,0.101562,-0.029609,-0.117442,0.120432,0.344473,0.316757,0.305773,0.329169,0.173467,0.360107,0.379986,0.290321,0.315236,0,0,0,
0,0.0281509,0.140159,-0.00713167,-0.0221179,-0.159713,0.000583791,-0.18715,0.0435329,-0.168563,-0.131988,0.238463,-0.059224,0.157003,-0.223467,-0.0303279,-0.123633,-0.0664187,0.10718,-0.0295963,-0.117403,0.120205,0.344429,0.316642,0.305561,0.329199,0.173487,0.360072,0.380013,0.290313,0.315223,0,0,0,
0,0.0300594,0.139961,-0.00714398,-0.0230438,-0.158823,0.00121283,-0.187165,0.043034,-0.16618,-0.132396,0.237279,-0.059012,0.157493,-0.223145,-0.0303284,-0.127526,-0.0658948,0.113577,-0.030209,-0.117389,0.120131,0.344266,0.316557,0.305408,0.32914,0.173361,0.360003,0.379883,0.290198,0.315172,0,0,0,
0,0.0303323,0.138549,-0.00666961,-0.0217121,-0.156728,0.00176234,-0.186916,0.043133,-0.167463,-0.131325,0.237151,-0.0583514,0.158457,-0.222185,-0.0303169,-0.126811,-0.0655682,0.113108,-0.0318185,-0.117189,0.120295,0.344199,0.316638,0.305356,0.329152,0.173517,0.360237,0.379799,0.29,0.315017,0,0,0,
0,0.0303504,0.137699,-0.00641819,-0.0213684,-0.155583,0.00180795,-0.187035,0.0429946,-0.171384,-0.131309,0.23915,-0.0579796,0.159023,-0.222277,-0.0306104,-0.123114,-0.0657956,0.111098,-0.0319954,-0.116939,0.120423,0.344209,0.316648,0.305392,0.329116,0.173465,0.360352,0.379671,0.289869,0.314962,0,0,0,
0,0.0309939,0.136501,-0.00611446,-0.0212948,-0.15415,0.00165191,-0.187543,0.0427672,-0.177828,-0.131345,0.244885,-0.0578781,0.159222,-0.222683,-0.031012,-0.118521,-0.0662994,0.107015,-0.0325722,-0.116414,0.120935,0.344284,0.316692,0.305316,0.329069,0.173633,0.360762,0.379683,0.28977,0.314867,0,0,0,
0,0.0318157,0.135686,-0.00584025,-0.0212811,-0.155349,0.00183221,-0.187856,0.0424714,-0.180813,-0.131689,0.24902,-0.0578017,0.159044,-0.223571,-0.0315195,-0.116485,-0.0666143,0.103533,-0.0313232,-0.115682,0.120993,0.344329,0.316694,0.305238,0.329103,0.173516,0.360994,0.379816,0.289831,0.314917,0,0,0,
0,0.031664,0.135525,-0.00577499,-0.0204464,-0.156118,0.0020248,-0.187778,0.0424417,-0.181941,-0.13176,0.249952,-0.0577144,0.159032,-0.223703,-0.0313377,-0.11754,-0.0666972,0.103074,-0.0307739,-0.115505,0.12105,0.344297,0.316699,0.305209,0.329052,0.173465,0.361029,0.379808,0.289823,0.314964,0,0,0,
0,0.0321602,0.134667,-0.0056139,-0.0193129,-0.157215,0.0022083,-0.187742,0.0425462,-0.180759,-0.131468,0.250011,-0.0575572,0.158379,-0.223599,-0.0309251,-0.116955,-0.0662583,0.102347,-0.0298487,-0.115841,0.12108,0.344057,0.31663,0.305014,0.328972,0.173265,0.360912,0.379727,0.289822,0.315102,0,0,0,
0,0.0327386,0.133942,-0.00618047,-0.0189197,-0.158313,0.00252308,-0.18806,0.042381,-0.180244,-0.131225,0.249452,-0.0572799,0.157951,-0.223392,-0.0302778,-0.116117,-0.0661032,0.101538,-0.0302089,-0.115799,0.120751,0.343715,0.316398,0.304703,0.328874,0.173237,0.360939,0.379784,0.289819,0.315151,0,0,0,
0,0.0331929,0.133983,-0.00640057,-0.0188813,-0.159395,0.00259565,-0.188231,0.0420939,-0.180497,-0.131293,0.249255,-0.0571897,0.157857,-0.223573,-0.0303148,-0.116358,-0.0663417,0.10107,-0.0300947,-0.11563,0.120812,0.343614,0.316386,0.304565,0.328732,0.173079,0.360946,0.379787,0.28972,0.31515,0,0,0,
0,0.034417,0.134895,-0.00695982,-0.019845,-0.162243,0.0027547,-0.188414,0.0413575,-0.179907,-0.131995,0.249319,-0.0567803,0.157902,-0.22436,-0.0304597,-0.119224,-0.066676,0.102965,-0.0299456,-0.115939,0.120839,0.343491,0.31635,0.304503,0.328622,0.173107,0.360959,0.379823,0.289737,0.315156,0,0,0,
0,0.0347619,0.135835,-0.00770028,-0.0193315,-0.164127,0.00302904,-0.188554,0.0411678,-0.181067,-0.132347,0.249989,-0.0568596,0.15834,-0.225005,-0.030118,-0.119245,-0.0671043,0.103097,-0.0298659,-0.116008,0.120887,0.3434,0.316293,0.304494,0.328683,0.173096,0.360969,0.379857,0.289781,0.315205,0,0,0,
0,0.0346825,0.137094,-0.00839287,-0.0158934,-0.166232,0.00271302,-0.188088,0.0411785,-0.181151,-0.132771,0.250151,-0.0563864,0.158921,-0.225186,-0.0297813,-0.116807,-0.0668009,0.100886,-0.0293216,-0.116459,0.120786,0.343365,0.316353,0.30448,0.328709,0.173157,0.360958,0.379932,0.289842,0.315274,0,0,0,
0,0.035536,0.139111,-0.00913463,-0.0119039,-0.168632,0.00276052,-0.18905,0.0409967,-0.179529,-0.13305,0.249906,-0.0560892,0.15864,-0.226067,-0.0299156,-0.116953,-0.0665014,0.100565,-0.0282419,-0.11699,0.12073,0.34336,0.316357,0.304541,0.328746,0.172748,0.360612,0.380094,0.289955,0.315405,0,0,0,
0,0.0361893,0.139773,-0.00951889,-0.0115226,-0.169407,0.00295656,-0.189036,0.0410465,-0.180088,-0.132892,0.250519,-0.0559163,0.158577,-0.225696,-0.0298749,-0.116597,-0.0660082,0.100575,-0.0283536,-0.117329,0.120812,0.343385,0.316353,0.304576,0.328733,0.172653,0.360433,0.380083,0.289982,0.315492,0,0,0,
0,0.037707,0.140734,-0.01018,-0.00421313,-0.166612,0.0032389,-0.188913,0.0418652,-0.180827,-0.131997,0.251233,-0.055084,0.158924,-0.225114,-0.0295234,-0.118612,-0.0657041,0.101476,-0.0294885,-0.117983,0.120702,0.343534,0.316477,0.304657,0.328648,0.172641,0.360279,0.380134,0.290037,0.315549,0,0,0,
0,0.0387467,0.140922,-0.0104564,0.00199599,-0.162697,0.00368161,-0.187922,0.0427481,-0.183348,-0.130903,0.253255,-0.0552642,0.158966,-0.224094,-0.0292411,-0.119972,-0.0662024,0.102134,-0.0311604,-0.117785,0.120975,0.343724,0.316754,0.304927,0.328695,0.172757,0.360349,0.380167,0.290007,0.315381,0,0,0,
0,0.0389484,0.14103,-0.0105762,0.00723015,-0.159721,0.00395773,-0.187693,0.0433205,-0.182551,-0.13035,0.253547,-0.0554756,0.158963,-0.223914,-0.0291638,-0.122364,-0.0672662,0.103363,-0.0315228,-0.118037,0.121025,0.343808,0.316869,0.304971,0.328736,0.172705,0.360455,0.380253,0.29003,0.315373,0,0,0,
0,0.0387444,0.140932,-0.0106932,0.0288198,-0.155161,0.00697173,-0.187142,0.0437536,-0.182306,-0.129834,0.253467,-0.0562508,0.159791,-0.223826,-0.0287868,-0.122216,-0.0684107,0.10459,-0.031909,-0.118235,0.12104,0.343774,0.317024,0.305142,0.328792,0.172601,0.360664,0.380315,0.290029,0.315356,0,0,0,
0,0.0390871,0.140269,-0.0104803,0.0656296,-0.151649,0.0133613,-0.186709,0.0435056,-0.185553,-0.130725,0.254922,-0.0585301,0.160745,-0.223666,-0.0289331,-0.120607,-0.0688282,0.102554,-0.0309485,-0.118629,0.121232,0.343857,0.317286,0.305384,0.328734,0.172526,0.36095,0.380439,0.290089,0.315489,0,0,0,
0,0.0387643,0.139772,-0.010308,0.0892409,-0.149921,0.0171918,-0.186943,0.0432205,-0.186333,-0.131653,0.255201,-0.0593673,0.16114,-0.223285,-0.0291853,-0.121019,-0.0684311,0.101735,-0.0305324,-0.118686,0.120956,0.344006,0.317388,0.305522,0.328794,0.172531,0.361005,0.380461,0.290121,0.315481,0,0,0,
0,0.0387384,0.138996,-0.0100478,0.133738,-0.146393,0.0239825,-0.188719,0.0426426,-0.185867,-0.134091,0.254111,-0.0601856,0.161242,-0.222841,-0.0297539,-0.118491,-0.0676995,0.0983964,-0.0299224,-0.119342,0.120613,0.344268,0.317537,0.305757,0.32902,0.172638,0.361133,0.380537,0.290195,0.315556,0,0,0,
0,0.0390484,0.137544,-0.0100026,0.181911,-0.143159,0.0334511,-0.190317,0.042135,-0.186396,-0.135825,0.25402,-0.0588899,0.160676,-0.221948,-0.0295367,-0.107304,-0.0666206,0.0906737,-0.0309115,-0.119547,0.120561,0.344497,0.317708,0.305806,0.329123,0.172844,0.361222,0.380477,0.290148,0.315561,0,0,0,
0,0.039999,0.136823,-0.00999383,0.215049,-0.143358,0.0419356,-0.191324,0.04208,-0.184844,-0.135646,0.254179,-0.0576038,0.160006,-0.222062,-0.0296138,-0.100698,-0.0666494,0.0859415,-0.0314644,-0.119324,0.120475,0.34451,0.317732,0.305807,0.329113,0.172919,0.361383,0.38047,0.290149,0.315567,0,0,0,
0,0.0417035,0.136047,-0.0094309,0.284834,-0.146551,0.061961,-0.192252,0.041316,-0.181744,-0.134645,0.253405,-0.0552071,0.159552,-0.223811,-0.0306264,-0.0929771,-0.0670625,0.0791803,-0.0324287,-0.117807,0.12,0.344427,0.317854,0.305704,0.32912,0.173153,0.361849,0.380559,0.290104,0.315516,0,0,0,
0,0.0423161,0.135851,-0.00885729,0.303912,-0.147517,0.0672087,-0.192231,0.0412157,-0.178257,-0.134195,0.250789,-0.0539719,0.160035,-0.224795,-0.0306459,-0.0868529,-0.0667326,0.0744792,-0.0324188,-0.11697,0.119695,0.344441,0.317953,0.305703,0.329148,0.17318,0.362047,0.380662,0.290121,0.315534,0,0,0,
0,0.0443136,0.137068,-0.00855216,0.379479,-0.155236,0.0852891,-0.193163,0.0420607,-0.179436,-0.132482,0.249125,-0.052487,0.161015,-0.227505,-0.0301737,-0.0938448,-0.0679258,0.0753286,-0.0309677,-0.115962,0.119219,0.344603,0.3181,0.305785,0.32932,0.173282,0.362055,0.380581,0.290117,0.315627,0,0,0,
0,0.0469132,0.138625,-0.00877358,0.429994,-0.163444,0.0955648,-0.193246,0.0428333,-0.182973,-0.130594,0.253713,-0.0514051,0.161201,-0.228703,-0.029322,-0.0931611,-0.068231,0.0760113,-0.0300441,-0.116157,0.118753,0.344749,0.318203,0.30588,0.329444,0.17296,0.362341,0.380592,0.29021,0.31576,0,0,0,
0,0.0486993,0.139133,-0.00893798,0.449343,-0.167834,0.0983024,-0.193278,0.0435164,-0.182958,-0.129284,0.25554,-0.0508451,0.160835,-0.228757,-0.029153,-0.0925651,-0.0684427,0.0763811,-0.0295732,-0.116561,0.118473,0.344824,0.318297,0.305872,0.329498,0.172892,0.362601,0.380606,0.290223,0.315809,0,0,0,
0,0.0503869,0.140373,-0.00979477,0.475258,-0.174182,0.100469,-0.19299,0.0439696,-0.182978,-0.127148,0.257532,-0.0516369,0.161212,-0.229673,-0.0291147,-0.0899149,-0.0683813,0.0751444,-0.0280039,-0.117848,0.118626,0.34492,0.318458,0.305852,0.329567,0.172621,0.362821,0.380725,0.290213,0.315976,0,0,0,
0,0.0508682,0.141674,-0.0104228,0.500891,-0.18279,0.102597,-0.192233,0.0438212,-0.182765,-0.126516,0.25659,-0.0537308,0.16184,-0.229588,-0.0291931,-0.0871418,-0.0674231,0.0730069,-0.027324,-0.118669,0.118941,0.345031,0.318677,0.305858,0.32966,0.172374,0.362749,0.380916,0.290297,0.316075,0,0,0,
0,0.051408,0.142523,-0.0107829,0.509801,-0.186719,0.10365,-0.192161,0.0437001,-0.180947,-0.126867,0.25559,-0.0547766,0.16209,-0.22948,-0.0293092,-0.0849749,-0.0668207,0.0711018,-0.0271981,-0.118961,0.118869,0.345049,0.31877,0.305838,0.329703,0.172257,0.362628,0.380911,0.290321,0.31613,0,0,0,
0,0.0522227,0.143885,-0.011694,0.530477,-0.194837,0.108422,-0.19248,0.0436039,-0.175876,-0.127732,0.251132,-0.0558159,0.162221,-0.228591,-0.0293458,-0.082296,-0.065627,0.0675664,-0.0278792,-0.119689,0.118838,0.345014,0.318843,0.30575,0.329639,0.172418,0.362427,0.380916,0.290391,0.316285,0,0,0,
0,0.0526474,0.145154,-0.0126095,0.54687,-0.199827,0.112694,-0.192868,0.0430465,-0.171791,-0.128419,0.246996,-0.0565915,0.16307,-0.228085,-0.0297277,-0.0781167,-0.0653581,0.0636439,-0.0286604,-0.119923,0.119058,0.345035,0.318889,0.305753,0.329752,0.172703,0.362476,0.381053,0.290379,0.316338,0,0,0,
0,0.05328,0.145472,-0.012819,0.553829,-0.200721,0.115088,-0.19299,0.042542,-0.171022,-0.128901,0.246002,-0.0567851,0.163465,-0.227983,-0.030053,-0.0758205,-0.0653472,0.0611606,-0.0291589,-0.11992,0.119239,0.3451,0.318966,0.305825,0.329765,0.172748,0.362681,0.381184,0.290339,0.316317,0,0,0,
0,0.0528586,0.1454,-0.0130507,0.569945,-0.201549,0.119599,-0.193257,0.0420013,-0.170497,-0.129715,0.245885,-0.0565074,0.164721,-0.228032,-0.0299093,-0.0727129,-0.0657858,0.0569995,-0.0304326,-0.119264,0.119265,0.345273,0.319032,0.305944,0.329827,0.172689,0.363069,0.381438,0.290401,0.316405,0,0,0,
0,0.0534846,0.144331,-0.0127447,0.593566,-0.202296,0.126246,-0.193925,0.0415496,-0.174618,-0.130008,0.249401,-0.0556933,0.166007,-0.228413,-0.0293163,-0.0673477,-0.0665819,0.0531826,-0.0314875,-0.118369,0.11959,0.345249,0.319047,0.306051,0.330014,0.172774,0.363607,0.381626,0.290595,0.316662,0,0,0,
0,0.0536797,0.14363,-0.0122478,0.612983,-0.202515,0.130277,-0.194324,0.0415151,-0.177289,-0.13023,0.251882,-0.0557863,0.167138,-0.228833,-0.0291679,-0.064426,-0.0671386,0.0512719,-0.0317986,-0.117919,0.119904,0.345417,0.319173,0.306107,0.329918,0.172777,0.363957,0.38174,0.290695,0.316715,0,0,0,
0,0.0555031,0.142653,-0.0115264,0.651432,-0.203397,0.137067,-0.196402,0.0430311,-0.180616,-0.130531,0.256259,-0.0544136,0.167622,-0.230173,-0.0284025,-0.0659852,-0.0691143,0.0505245,-0.0316789,-0.115805,0.119943,0.345462,0.319285,0.306088,0.329798,0.172643,0.364343,0.381689,0.290716,0.316503,0,0,0,
0,0.0559471,0.141914,-0.0110354,0.666361,-0.20321,0.140287,-0.196567,0.0435883,-0.183587,-0.130209,0.258112,-0.0536635,0.167506,-0.230317,-0.0278265,-0.0695061,-0.0698182,0.0517662,-0.0310833,-0.115319,0.119957,0.345391,0.319285,0.306033,0.329772,0.172654,0.364606,0.381657,0.290694,0.316559,0,0,0,
0,0.0567633,0.142073,-0.010886,0.69445,-0.205443,0.144524,-0.198683,0.0453083,-0.189563,-0.129287,0.263541,-0.0526362,0.165868,-0.231715,-0.0268818,-0.0743683,-0.071072,0.0560981,-0.0291231,-0.115343,0.120162,0.345299,0.319311,0.305679,0.329436,0.172513,0.364787,0.381722,0.290639,0.316493,0,0,0,
0,0.0580189,0.142384,-0.0106221,0.71517,-0.207472,0.145127,-0.199244,0.0460083,-0.191423,-0.128184,0.267613,-0.0522615,0.164088,-0.231983,-0.0262359,-0.077311,-0.0708449,0.0595947,-0.0271986,-0.116579,0.119967,0.345171,0.319266,0.30543,0.329256,0.172215,0.364829,0.381698,0.290612,0.316531,0,0,0,
0,0.0579629,0.142357,-0.0103124,0.722636,-0.20802,0.144152,-0.199259,0.0463889,-0.191351,-0.127519,0.267777,-0.0525336,0.163526,-0.231621,-0.0261932,-0.075972,-0.0703896,0.0592883,-0.02687,-0.117092,0.119956,0.345184,0.319327,0.305309,0.329262,0.172274,0.364885,0.381743,0.290538,0.316524,0,0,0,
0,0.0580931,0.142523,-0.00991969,0.734095,-0.2102,0.141446,-0.199484,0.0466838,-0.1875,-0.1267,0.265681,-0.053522,0.162891,-0.231362,-0.0262153,-0.0727566,-0.0693388,0.0557702,-0.0253318,-0.118677,0.119964,0.345126,0.319357,0.305025,0.329108,0.17216,0.364749,0.381778,0.290535,0.316552,0,0,0,
0,0.0581486,0.141994,-0.00967245,0.740205,-0.211479,0.140602,-0.19861,0.0466407,-0.185496,-0.126407,0.263148,-0.054581,0.162761,-0.229707,-0.0264069,-0.0651431,-0.0670715,0.0495718,-0.0251979,-0.1205,0.119772,0.345113,0.319612,0.305023,0.3291,0.172228,0.364864,0.382026,0.2906,0.31674,0,0,0,
0,0.0584026,0.141771,-0.00970244,0.741859,-0.212023,0.140458,-0.198532,0.0466556,-0.182777,-0.126663,0.261743,-0.0549115,0.162504,-0.229154,-0.0265077,-0.0612999,-0.0663883,0.0459353,-0.0253386,-0.120746,0.119783,0.345152,0.319655,0.304995,0.32911,0.172338,0.364697,0.382004,0.290464,0.316652,0,0,0,
0,0.0582579,0.141221,-0.0097361,0.746689,-0.216185,0.140944,-0.198337,0.0465062,-0.180393,-0.126752,0.259918,-0.0546892,0.162436,-0.227613,-0.02714,-0.0617777,-0.0652912,0.0432815,-0.0265783,-0.120384,0.11957,0.34521,0.319733,0.305066,0.329198,0.172503,0.364546,0.381911,0.29028,0.316368,0,0,0,
0,0.0578019,0.141158,-0.00929014,0.74869,-0.218261,0.141027,-0.197888,0.0462965,-0.180324,-0.126483,0.259834,-0.0544171,0.163072,-0.226237,-0.0271187,-0.0653041,-0.0655037,0.044934,-0.0281502,-0.11962,0.119584,0.345387,0.31992,0.305218,0.329363,0.172589,0.364679,0.381976,0.290306,0.316232,0,0,0,
0,0.0572176,0.141277,-0.00905206,0.749512,-0.219027,0.141466,-0.19791,0.0462539,-0.183603,-0.126593,0.261352,-0.0541875,0.163037,-0.225962,-0.0270336,-0.0708073,-0.0659433,0.0483489,-0.02838,-0.119218,0.119538,0.345375,0.319878,0.305175,0.329377,0.172415,0.36483,0.382066,0.29037,0.316264,0,0,0,
0,0.0553857,0.142127,-0.00863706,0.75039,-0.220829,0.141916,-0.1981,0.0460672,-0.186519,-0.126602,0.264374,-0.0539597,0.163091,-0.226208,-0.0268569,-0.0807259,-0.0666912,0.0576031,-0.0276367,-0.11844,0.119468,0.345385,0.319941,0.305021,0.329453,0.172026,0.364798,0.382163,0.290386,0.316216,0,0,0,
0,0.0547007,0.143587,-0.00809524,0.746167,-0.221039,0.140732,-0.198671,0.0449034,-0.18889,-0.126984,0.266862,-0.0546636,0.163465,-0.226065,-0.0268424,-0.0914435,-0.0669565,0.0664971,-0.0256525,-0.118572,0.119474,0.34534,0.319915,0.304957,0.329477,0.171711,0.364911,0.382341,0.290363,0.316408,0,0,0,
0,0.0537979,0.144547,-0.00802172,0.742906,-0.221055,0.139826,-0.199172,0.0444043,-0.190202,-0.127763,0.267958,-0.0550243,0.163522,-0.225546,-0.0268528,-0.0964064,-0.0668434,0.0698505,-0.0249798,-0.118859,0.119605,0.345261,0.319859,0.304944,0.32947,0.171552,0.364694,0.382335,0.290309,0.316378,0,0,0,
0,0.0525281,0.145726,-0.00780863,0.734123,-0.221351,0.139983,-0.199999,0.0436633,-0.192089,-0.128625,0.269925,-0.0542634,0.163229,-0.224145,-0.0269421,-0.104851,-0.0665975,0.0783261,-0.0242073,-0.121411,0.119587,0.345238,0.319856,0.304954,0.329546,0.171925,0.364242,0.382289,0.290223,0.316304,0,0,0,
0,0.0525978,0.146496,-0.0080248,0.730773,-0.222372,0.140189,-0.200768,0.0431063,-0.192786,-0.129046,0.271462,-0.0539017,0.162694,-0.224124,-0.0271696,-0.0940371,-0.0654578,0.0755937,-0.0248473,-0.121838,0.119508,0.345086,0.319718,0.304811,0.329463,0.172093,0.364067,0.382225,0.290223,0.316276,0,0,0,
0,0.0507423,0.147468,-0.00766853,0.728701,-0.223026,0.140826,-0.200539,0.0419717,-0.194427,-0.129122,0.272178,-0.0527781,0.1634,-0.223619,-0.0281817,-0.0891312,-0.0640319,0.0697067,-0.0267506,-0.121768,0.11977,0.345226,0.319748,0.304808,0.329671,0.172298,0.364005,0.382304,0.290271,0.316076,0,0,0,
0,0.0489274,0.148897,-0.00679513,0.727353,-0.222804,0.140528,-0.200783,0.0419433,-0.19621,-0.129343,0.273419,-0.0519404,0.163911,-0.224815,-0.02933,-0.0885523,-0.0642299,0.0675226,-0.0277956,-0.120567,0.120254,0.345414,0.319975,0.304876,0.329957,0.172448,0.363977,0.382367,0.290243,0.315862,0,0,0,
0,0.0488398,0.149837,-0.00616019,0.725798,-0.222368,0.140989,-0.200925,0.0424654,-0.195716,-0.129084,0.273266,-0.0511809,0.164163,-0.225735,-0.0291243,-0.0895253,-0.0643317,0.0677318,-0.0281498,-0.119823,0.120251,0.345459,0.319997,0.304888,0.330183,0.172503,0.36394,0.38236,0.290252,0.315804,0,0,0,
0,0.0499755,0.151428,-0.00520011,0.722417,-0.222218,0.14125,-0.201107,0.0436851,-0.19846,-0.127905,0.274981,-0.0495217,0.164093,-0.227163,-0.0283572,-0.0934374,-0.0651913,0.0713888,-0.0281499,-0.118388,0.120693,0.34539,0.319959,0.304697,0.330608,0.172784,0.363915,0.382233,0.290326,0.315708,0,0,0,
0,0.0506687,0.152764,-0.00439022,0.715842,-0.222618,0.139449,-0.201106,0.0445369,-0.205754,-0.12624,0.281318,-0.0498018,0.163197,-0.228549,-0.0275216,-0.0999945,-0.0666158,0.0773101,-0.027202,-0.1173,0.121137,0.345103,0.319832,0.304536,0.330939,0.172608,0.363748,0.382185,0.290319,0.31564,0,0,0,
0,0.0514453,0.153228,-0.00386614,0.712301,-0.222757,0.137818,-0.200698,0.0440881,-0.208535,-0.125708,0.28501,-0.0509346,0.162759,-0.228834,-0.0271895,-0.102473,-0.0674436,0.0807882,-0.0263788,-0.11758,0.121426,0.344958,0.319757,0.304422,0.330953,0.172523,0.363717,0.382174,0.290306,0.315728,0,0,0,
0,0.049993,0.154969,-0.00293161,0.705048,-0.223017,0.131983,-0.200632,0.0431384,-0.21237,-0.126608,0.288596,-0.0537976,0.162727,-0.229585,-0.0274417,-0.10934,-0.0685497,0.0863686,-0.0243584,-0.118434,0.122061,0.34477,0.319746,0.304288,0.331061,0.172388,0.363428,0.382029,0.290187,0.315675,0,0,0,
0,0.0475635,0.156625,-0.00221837,0.695285,-0.221302,0.125286,-0.201302,0.0409506,-0.212423,-0.128853,0.288718,-0.0557487,0.163052,-0.229997,-0.027732,-0.110488,-0.0677206,0.0883144,-0.0219209,-0.120628,0.122314,0.344908,0.319647,0.304096,0.33115,0.172234,0.363006,0.381906,0.29015,0.315675,0,0,0,
0,0.0461663,0.157135,-0.00187853,0.687319,-0.219919,0.122119,-0.201645,0.0401121,-0.212299,-0.130019,0.28851,-0.056509,0.163007,-0.229773,-0.0282345,-0.104382,-0.0663634,0.0849482,-0.022025,-0.121276,0.122382,0.344879,0.319507,0.303847,0.331109,0.17236,0.362796,0.381881,0.290015,0.315682,0,0,0,
0,0.0434156,0.15826,-0.00146657,0.671789,-0.218552,0.117625,-0.202957,0.0384984,-0.209453,-0.13207,0.285918,-0.0559947,0.163608,-0.229371,-0.029435,-0.0998987,-0.0645786,0.0782641,-0.0224362,-0.12255,0.122362,0.344921,0.319536,0.303443,0.330824,0.172547,0.362584,0.381967,0.290117,0.315889,0,0,0,
0,0.0418925,0.159216,-0.00103361,0.659658,-0.219374,0.119284,-0.203667,0.0362434,-0.208477,-0.133022,0.284335,-0.0542902,0.163773,-0.229388,-0.0306909,-0.0956714,-0.0634421,0.070489,-0.0235222,-0.122486,0.122336,0.34467,0.319079,0.302701,0.330177,0.173245,0.362445,0.382041,0.290263,0.315855,0,0,0,
0,0.0409793,0.159542,-0.000933777,0.657781,-0.219799,0.120185,-0.203295,0.0353632,-0.208473,-0.133072,0.283549,-0.0537397,0.164414,-0.229532,-0.0311088,-0.0965679,-0.0629862,0.0689714,-0.0244509,-0.122242,0.122475,0.344645,0.318871,0.302317,0.330224,0.173454,0.36244,0.382082,0.290342,0.315945,0,0,0,
0,0.0398323,0.159774,-0.000784153,0.650525,-0.22233,0.131462,-0.202542,0.0349638,-0.210277,-0.133121,0.283437,-0.052778,0.165167,-0.230166,-0.0313706,-0.0999532,-0.062922,0.0695423,-0.0262076,-0.120204,0.122617,0.344756,0.318637,0.301988,0.332431,0.173732,0.362571,0.382145,0.290321,0.315926,0,0,0,
0,0.0395037,0.159967,-0.000578396,0.648011,-0.222681,0.13521,-0.202145,0.0348194,-0.2105,-0.13299,0.284416,-0.0517123,0.165582,-0.230684,-0.0315153,-0.0997541,-0.0628987,0.070011,-0.0266797,-0.119389,0.122465,0.344844,0.318563,0.301922,0.333626,0.17346,0.362723,0.382298,0.290306,0.315969,0,0,0,
0,0.0393481,0.159718,-0.000180354,0.641711,-0.220019,0.13917,-0.200498,0.0352624,-0.215207,-0.132114,0.288409,-0.050244,0.166303,-0.231023,-0.0313716,-0.107511,-0.0647628,0.0762869,-0.026548,-0.117644,0.122089,0.345042,0.318683,0.3019,0.334952,0.173377,0.363112,0.382334,0.290255,0.315942,0,0,0,
0,0.0399814,0.159654,-0.000149151,0.627609,-0.214688,0.13763,-0.199698,0.0360198,-0.221082,-0.131554,0.29432,-0.0494792,0.166687,-0.231353,-0.0311858,-0.11692,-0.0666201,0.0852167,-0.0252196,-0.116919,0.122143,0.345301,0.318882,0.301822,0.335178,0.17297,0.363321,0.382399,0.290159,0.315882,0,0,0,
0,0.0395199,0.160183,-0.000185098,0.624499,-0.213731,0.136843,-0.199812,0.0365989,-0.222989,-0.131317,0.296093,-0.0493547,0.166776,-0.232062,-0.0305444,-0.118228,-0.067253,0.0876506,-0.0246457,-0.117081,0.122003,0.345385,0.318983,0.3018,0.335163,0.172913,0.36336,0.382437,0.290157,0.315943,0,0,0,
0,0.0396524,0.161144,-2.95938e-05,0.598055,-0.20884,0.126948,-0.199526,0.037431,-0.223056,-0.130739,0.297976,-0.0504276,0.165992,-0.232832,-0.0300641,-0.118977,-0.0676576,0.0904024,-0.0232226,-0.118211,0.121786,0.345472,0.318998,0.301661,0.334901,0.172797,0.363345,0.382447,0.29012,0.315969,0,0,0,
0,0.0398466,0.162469,-1.95106e-05,0.577593,-0.209051,0.118775,-0.199952,0.0382855,-0.219334,-0.130684,0.295461,-0.0519972,0.165371,-0.233934,-0.0300419,-0.118952,-0.067851,0.0909998,-0.021877,-0.119356,0.122165,0.345364,0.318981,0.301636,0.334497,0.173072,0.363277,0.382454,0.290147,0.316059,0,0,0,
0,0.0399074,0.162729,3.90298e-05,0.566785,-0.208317,0.115471,-0.199929,0.0387901,-0.217516,-0.130578,0.293453,-0.0527704,0.164937,-0.233886,-0.0297149,-0.117716,-0.0672425,0.0895291,-0.0217178,-0.119741,0.122457,0.345222,0.318784,0.301445,0.334099,0.17323,0.363235,0.382379,0.290083,0.316105,0,0,0,
0,0.0401555,0.1632,7.97632e-05,0.543334,-0.208965,0.115125,-0.200037,0.0390704,-0.214653,-0.1305,0.289868,-0.0538567,0.164369,-0.233936,-0.0294018,-0.113077,-0.066284,0.085373,-0.0207833,-0.12205,0.123173,0.345078,0.318703,0.301305,0.333708,0.173919,0.363106,0.382453,0.290266,0.316454,0,0,0,
0,0.0408914,0.163113,0.000128666,0.510296,-0.210817,0.118345,-0.2,0.0392481,-0.209731,-0.130217,0.285362,-0.054685,0.1636,-0.233674,-0.0292329,-0.106378,-0.0658176,0.0790336,-0.0208913,-0.122992,0.123662,0.345154,0.318616,0.301225,0.333673,0.174237,0.363165,0.382603,0.290309,0.316471,0,0,0,
0,0.0412224,0.162752,0.000203976,0.493182,-0.209979,0.119011,-0.199765,0.0391325,-0.208786,-0.129916,0.284189,-0.0546285,0.163619,-0.233268,-0.0291748,-0.10572,-0.0656319,0.0771391,-0.0206951,-0.12291,0.123831,0.345333,0.318463,0.301155,0.333518,0.174234,0.363221,0.38262,0.290275,0.316471,0,0,0,
0,0.0420512,0.16252,0.000232947,0.436077,-0.204867,0.111778,-0.199631,0.0387837,-0.207678,-0.129997,0.28321,-0.0547008,0.163832,-0.233116,-0.0291527,-0.105714,-0.0656879,0.0754468,-0.020536,-0.122542,0.123969,0.345372,0.318126,0.300638,0.333224,0.174144,0.363236,0.382699,0.29034,0.316435,0,0,0,
0,0.0421688,0.162566,0.000251509,0.417889,-0.203102,0.108578,-0.199641,0.0386752,-0.208058,-0.13021,0.282979,-0.0546854,0.164035,-0.233179,-0.0290824,-0.106872,-0.0657747,0.0757355,-0.0205446,-0.122344,0.124091,0.345403,0.318113,0.300565,0.333186,0.174146,0.363277,0.382761,0.290399,0.316489,0,0,0,
0,0.0422549,0.16262,0.000355919,0.350879,-0.19591,0.090521,-0.199466,0.0386484,-0.208195,-0.130432,0.282714,-0.0549934,0.164544,-0.23334,-0.0290016,-0.10767,-0.0658095,0.0752224,-0.0203629,-0.12156,0.124155,0.34549,0.318164,0.300591,0.333262,0.174153,0.363415,0.382658,0.290245,0.31652,0,0,0,
0,0.0430926,0.162597,0.000471899,0.180732,-0.176165,0.0430522,-0.199513,0.0386736,-0.208466,-0.130776,0.282286,-0.0549571,0.164281,-0.233294,-0.0287656,-0.110094,-0.0657978,0.0763659,-0.0206674,-0.122054,0.124137,0.345488,0.318124,0.300646,0.333441,0.174043,0.363479,0.382642,0.290246,0.316602,0,0,0,
0,0.0430411,0.16263,0.000409097,0.0855082,-0.167473,0.0180205,-0.199463,0.0388082,-0.209009,-0.130756,0.282061,-0.0548096,0.163828,-0.233354,-0.0286732,-0.110137,-0.065836,0.0763208,-0.021026,-0.122473,0.124256,0.345534,0.318157,0.300667,0.333433,0.174072,0.363525,0.382617,0.290278,0.316658,0,0,0,
0,0.0421526,0.162827,-0.000506329,-0.080962,-0.15648,-0.023344,-0.199782,0.0392177,-0.20913,-0.130136,0.282694,-0.053574,0.162022,-0.233457,-0.0286473,-0.112076,-0.0663521,0.0776152,-0.0226193,-0.123038,0.124103,0.345558,0.318026,0.300518,0.333208,0.174276,0.363677,0.382668,0.290271,0.316598,0,0,0,
0,0.0407695,0.162651,-0.00170252,-0.272394,-0.154233,-0.069734,-0.198998,0.0396244,-0.20834,-0.128926,0.283509,-0.0536977,0.162099,-0.23414,-0.0282611,-0.106679,-0.0674695,0.0770376,-0.0233959,-0.123229,0.124086,0.345838,0.318127,0.300405,0.333504,0.174406,0.363777,0.38262,0.290181,0.316516,0,0,0,
0,0.0400846,0.162307,-0.0017079,-0.350185,-0.156538,-0.090479,-0.198495,0.0400512,-0.207422,-0.128616,0.283786,-0.0541779,0.162411,-0.234608,-0.0281878,-0.104182,-0.067568,0.0764019,-0.0232086,-0.122921,0.124096,0.345882,0.318175,0.300315,0.333566,0.17447,0.363913,0.382757,0.29028,0.316508,0,0,0,
0,0.0389134,0.161071,-0.000981986,-0.497658,-0.165654,-0.133845,-0.197726,0.0416203,-0.206319,-0.128377,0.283125,-0.0546248,0.163398,-0.234594,-0.0274691,-0.109274,-0.0674725,0.0777886,-0.0221861,-0.121551,0.123966,0.345948,0.318146,0.300193,0.333631,0.174263,0.363918,0.382781,0.290285,0.316451,0,0,0,
0,0.0376453,0.160307,6.84824e-06,-0.591408,-0.170499,-0.15975,-0.198222,0.0432527,-0.208126,-0.128092,0.283261,-0.0549191,0.163206,-0.233692,-0.0264078,-0.127823,-0.0676719,0.0893338,-0.0207225,-0.1226,0.124073,0.345812,0.318092,0.300237,0.333534,0.173819,0.363648,0.382754,0.290335,0.316332,0,0,0,
0,0.0393529,0.160087,0.000562324,-0.637245,-0.172699,-0.169723,-0.199287,0.0435244,-0.214129,-0.127978,0.28708,-0.0554638,0.162091,-0.233311,-0.0262939,-0.121558,-0.0671766,0.0900963,-0.0206367,-0.12299,0.124087,0.345864,0.317944,0.300094,0.333411,0.173787,0.363476,0.382672,0.290137,0.316149,0,0,0,
0,0.0398516,0.160545,0.000780068,-0.722244,-0.180005,-0.182236,-0.201506,0.0430699,-0.214254,-0.127907,0.290728,-0.0556619,0.160353,-0.23258,-0.0270074,-0.123847,-0.0667496,0.0932122,-0.0200557,-0.12402,0.123817,0.34583,0.318005,0.299847,0.333294,0.173823,0.362987,0.382515,0.290295,0.316024,0,0,0,
0,0.0386577,0.161354,0.00140803,-0.7976,-0.194682,-0.187773,-0.20264,0.0405395,-0.218357,-0.128606,0.291323,-0.055768,0.160417,-0.231607,-0.0281689,-0.124147,-0.0656346,0.09686,-0.0186003,-0.126595,0.123907,0.346237,0.31802,0.299921,0.333657,0.173698,0.362838,0.382772,0.290855,0.316376,0,0,0,
0,0.0368744,0.162156,0.0016176,-0.825405,-0.202734,-0.187347,-0.202939,0.0398872,-0.216859,-0.129179,0.289452,-0.0558584,0.160984,-0.231187,-0.0288799,-0.130675,-0.0651746,0.099254,-0.0185707,-0.127139,0.12414,0.346777,0.318402,0.300272,0.333672,0.173539,0.362633,0.382933,0.290972,0.316636,0,0,0,
0,0.0346601,0.162848,0.00259929,-0.876853,-0.215647,-0.184603,-0.20163,0.0383289,-0.208188,-0.129253,0.285622,-0.0555154,0.159266,-0.229519,-0.0309213,-0.139784,-0.0636383,0.10607,-0.0196898,-0.128202,0.124114,0.346825,0.318424,0.30038,0.334069,0.173536,0.362151,0.382891,0.290989,0.316757,0,0,0,
0,0.0306106,0.163961,0.00390224,-0.896131,-0.220932,-0.180086,-0.200319,0.0359081,-0.196087,-0.129186,0.277555,-0.0564484,0.161463,-0.230034,-0.0330017,-0.143773,-0.0629597,0.111071,-0.0206277,-0.128204,0.123833,0.346588,0.318468,0.300409,0.334149,0.173826,0.361895,0.382939,0.290921,0.316633,0,0,0,
0,0.0287093,0.164518,0.00450626,-0.905431,-0.223722,-0.176806,-0.200397,0.0347787,-0.194658,-0.129747,0.275602,-0.0567686,0.162656,-0.230646,-0.0342129,-0.147643,-0.0622118,0.114505,-0.0212594,-0.127565,0.123415,0.346308,0.31819,0.30006,0.334109,0.173933,0.361892,0.383032,0.290965,0.31656,0,0,0,
0,0.0253898,0.164091,0.00543648,-0.914539,-0.22713,-0.17317,-0.200395,0.0326841,-0.201127,-0.131646,0.277409,-0.0574479,0.167131,-0.230611,-0.035614,-0.151446,-0.0613636,0.11832,-0.0225654,-0.125685,0.123142,0.346289,0.318086,0.299897,0.334081,0.174262,0.36222,0.383113,0.29106,0.316418,0,0,0,
0,0.0243631,0.163727,0.00567978,-0.916712,-0.228705,-0.171177,-0.200981,0.0322572,-0.205424,-0.133249,0.280324,-0.0576511,0.168462,-0.231111,-0.0365656,-0.156864,-0.0613382,0.121688,-0.0233919,-0.124703,0.122927,0.346261,0.318044,0.299777,0.333921,0.174354,0.362309,0.383121,0.291069,0.316348,0,0,0,
0,0.0201707,0.163201,0.00642235,-0.917224,-0.234211,-0.167944,-0.203163,0.0309219,-0.217087,-0.136317,0.289698,-0.0562238,0.170448,-0.232124,-0.0377213,-0.159559,-0.0619415,0.125627,-0.024821,-0.122881,0.122528,0.346108,0.317958,0.299667,0.333782,0.174574,0.362722,0.383115,0.291005,0.316154,0,0,0,
0,0.0172798,0.161405,0.00739987,-0.91516,-0.239981,-0.166577,-0.204053,0.0298729,-0.227453,-0.138273,0.298075,-0.0550599,0.171453,-0.232767,-0.039184,-0.158063,-0.0624947,0.126124,-0.0256194,-0.120579,0.122275,0.346273,0.318065,0.299756,0.333946,0.174648,0.363339,0.383084,0.290994,0.316131,0,0,0,
0,0.0168397,0.160867,0.00788069,-0.914481,-0.245523,-0.165213,-0.20473,0.0297845,-0.228982,-0.139193,0.300833,-0.0540004,0.17121,-0.233724,-0.0400326,-0.15911,-0.0631013,0.126549,-0.0257514,-0.119512,0.122153,0.346292,0.318077,0.299843,0.333939,0.174665,0.363698,0.383158,0.291026,0.316151,0,0,0,
0,0.0161669,0.160117,0.00800562,-0.912585,-0.260917,-0.16225,-0.20537,0.0302059,-0.232414,-0.139394,0.303427,-0.0513385,0.170711,-0.235747,-0.0403516,-0.164504,-0.0642392,0.130741,-0.0254628,-0.118029,0.121951,0.346275,0.318084,0.300043,0.333943,0.17493,0.364226,0.383299,0.291026,0.316283,0,0,0,
0,0.0163466,0.159668,0.00783091,-0.912452,-0.272166,-0.160583,-0.204003,0.0311723,-0.232902,-0.138475,0.303435,-0.0483806,0.17013,-0.237217,-0.0396585,-0.161629,-0.0651607,0.129856,-0.0254814,-0.117404,0.121449,0.346389,0.318269,0.300304,0.334097,0.174612,0.36465,0.383362,0.290994,0.316466,0,0,0,
0,0.0162853,0.159395,0.00772208,-0.912098,-0.284693,-0.158591,-0.202723,0.0327472,-0.231186,-0.137225,0.302412,-0.0476294,0.169315,-0.238059,-0.039354,-0.161541,-0.065645,0.129206,-0.0252057,-0.117541,0.121306,0.346247,0.318273,0.300336,0.334069,0.174502,0.364784,0.383365,0.290944,0.316605,0,0,0,
0,0.0173873,0.15882,0.00695436,-0.913572,-0.300872,-0.155494,-0.199367,0.0358845,-0.22323,-0.133997,0.297707,-0.0472357,0.168897,-0.239384,-0.0391707,-0.155537,-0.0661201,0.125016,-0.0247019,-0.118213,0.121406,0.34627,0.318189,0.300401,0.3341,0.174274,0.365203,0.383452,0.29094,0.316878,0,0,0,
0,0.0184955,0.158404,0.00555913,-0.915415,-0.31391,-0.152399,-0.195409,0.0403568,-0.216007,-0.131611,0.289932,-0.0480056,0.16944,-0.240415,-0.0391728,-0.150216,-0.0666393,0.118954,-0.0254193,-0.118032,0.121556,0.346093,0.318262,0.300536,0.334138,0.17444,0.365472,0.383483,0.290763,0.316869,0,0,0,
0,0.0187998,0.158251,0.00478741,-0.917029,-0.318405,-0.151322,-0.193899,0.0427289,-0.212429,-0.130589,0.285627,-0.048292,0.170064,-0.240707,-0.0394337,-0.150522,-0.0673358,0.117503,-0.0261705,-0.117714,0.121628,0.346268,0.31838,0.30056,0.334279,0.174612,0.365663,0.383434,0.290694,0.316717,0,0,0,
0,0.0214878,0.156931,0.00323971,-0.921778,-0.324931,-0.14974,-0.191273,0.0477569,-0.209307,-0.128383,0.28183,-0.0492482,0.169536,-0.239872,-0.0403838,-0.149271,-0.0684865,0.120043,-0.0319005,-0.114447,0.121806,0.3459,0.318125,0.30028,0.3338,0.174577,0.366263,0.383563,0.29077,0.316659,0,0,0,
0,0.0231161,0.155989,0.00163174,-0.925346,-0.329936,-0.146818,-0.191121,0.0522886,-0.216417,-0.126568,0.284783,-0.0501906,0.168157,-0.240283,-0.0424671,-0.171582,-0.0811512,0.136619,-0.0354035,-0.108767,0.12199,0.345866,0.318178,0.300402,0.33363,0.174401,0.367854,0.383679,0.29082,0.316809,0,0,0,
0,0.0239747,0.155644,0.000764933,-0.926878,-0.332726,-0.144934,-0.191369,0.0545802,-0.218002,-0.125762,0.287127,-0.0507892,0.166973,-0.241683,-0.0432342,-0.181972,-0.0872429,0.14905,-0.0354593,-0.106168,0.122141,0.345826,0.31819,0.30038,0.333505,0.174417,0.368562,0.383699,0.290885,0.316916,0,0,0,
0,0.0249064,0.154832,-0.000751323,-0.92981,-0.337142,-0.141625,-0.191263,0.058291,-0.217896,-0.124453,0.289365,-0.0529994,0.164781,-0.244979,-0.0430785,-0.195634,-0.10049,0.170881,-0.0354164,-0.100281,0.122222,0.345895,0.31811,0.300324,0.33337,0.174571,0.370177,0.38356,0.291166,0.317057,0,0,0,
0,0.0254936,0.154111,-0.00136402,-0.931408,-0.340161,-0.1406,-0.190996,0.0594915,-0.216113,-0.124063,0.288659,-0.0545607,0.163981,-0.246044,-0.0428202,-0.199221,-0.107992,0.180372,-0.0356938,-0.097158,0.122142,0.34585,0.318034,0.300236,0.333265,0.175249,0.370569,0.383312,0.29086,0.316817,0,0,0,
0,0.0255531,0.15248,-0.00228138,-0.932915,-0.345943,-0.138362,-0.19062,0.0616422,-0.209781,-0.1246,0.284111,-0.0569651,0.163013,-0.247796,-0.0435158,-0.207738,-0.121902,0.19738,-0.0342368,-0.0921766,0.121972,0.345767,0.317806,0.30014,0.333076,0.175021,0.372244,0.382946,0.290594,0.3166,0,0,0,
0,0.0241643,0.150221,-0.00227088,-0.932109,-0.352648,-0.136252,-0.190824,0.0628241,-0.203838,-0.125425,0.279539,-0.0578505,0.161868,-0.249166,-0.0444643,-0.21265,-0.136342,0.207347,-0.0253179,-0.0890898,0.121747,0.345792,0.317792,0.300062,0.3329,0.174218,0.37323,0.38284,0.290486,0.316412,0,0,0,
0,0.022934,0.14877,-0.00203819,-0.93052,-0.354781,-0.135775,-0.190586,0.0630154,-0.203623,-0.125532,0.278347,-0.0577571,0.161541,-0.249118,-0.0442359,-0.218014,-0.139839,0.212283,-0.0199399,-0.0888965,0.121579,0.345755,0.317867,0.300042,0.332944,0.174095,0.373426,0.382863,0.290438,0.316373,0,0,0,
0,0.0207642,0.146741,-0.00167599,-0.928942,-0.359461,-0.132878,-0.190885,0.0620683,-0.206788,-0.126991,0.279509,-0.058326,0.161471,-0.248762,-0.0424643,-0.227738,-0.14026,0.220874,-0.00789392,-0.0910059,0.121426,0.345584,0.317773,0.299964,0.332968,0.173413,0.372794,0.38265,0.29047,0.316409,0,0,0,
0,0.0186119,0.144813,-0.000870194,-0.928841,-0.362255,-0.13005,-0.192241,0.061035,-0.20761,-0.127704,0.280192,-0.0580439,0.161167,-0.245881,-0.0405465,-0.237518,-0.132621,0.225403,0.00079073,-0.0957943,0.121601,0.345475,0.31758,0.299966,0.332925,0.173163,0.3714,0.382714,0.29014,0.316472,0,0,0,
0,0.0175549,0.14411,-0.000260814,-0.930835,-0.363559,-0.128855,-0.192297,0.0607153,-0.206104,-0.127994,0.280278,-0.0582961,0.160703,-0.24332,-0.0396619,-0.241985,-0.126257,0.22667,0.00222684,-0.0984875,0.121608,0.345402,0.317647,0.299941,0.332901,0.173716,0.370375,0.382679,0.290101,0.316513,0,0,0,
0,0.0154176,0.143412,0.00095844,-0.937029,-0.36367,-0.126197,-0.192849,0.0597495,-0.200507,-0.128977,0.277917,-0.0573801,0.160182,-0.237898,-0.0378994,-0.240727,-0.112997,0.224848,0.00143785,-0.106024,0.121316,0.345286,0.317567,0.299756,0.332841,0.173172,0.369167,0.382979,0.290484,0.31717,0,0,0,
0,0.0119899,0.143132,0.00245969,-0.943287,-0.360717,-0.124315,-0.192675,0.0598511,-0.200756,-0.129001,0.276524,-0.0553394,0.160564,-0.232381,-0.03679,-0.226794,-0.102038,0.213034,-0.00458796,-0.111636,0.121233,0.345316,0.317583,0.299687,0.332747,0.173409,0.368222,0.383255,0.290744,0.31739,0,0,0,
0,0.0108567,0.143419,0.00328933,-0.94514,-0.358394,-0.124036,-0.192033,0.0605694,-0.200944,-0.128585,0.277038,-0.0542975,0.160187,-0.230396,-0.0375908,-0.222361,-0.0987252,0.207624,-0.0075739,-0.11356,0.121008,0.345404,0.317566,0.29967,0.332552,0.173893,0.367594,0.383358,0.290588,0.317205,0,0,0,
0,0.00693599,0.144849,0.00544893,-0.949941,-0.352685,-0.125099,-0.189859,0.0636365,-0.202646,-0.127244,0.276813,-0.0523972,0.16,-0.228994,-0.0381126,-0.209306,-0.0928419,0.19716,-0.0106217,-0.117874,0.12103,0.345674,0.317633,0.299771,0.332528,0.173722,0.367157,0.383473,0.29097,0.317539,0,0,0,
0,0.00413456,0.146552,0.00840227,-0.953662,-0.348776,-0.12662,-0.187259,0.0661737,-0.203623,-0.12476,0.278569,-0.0508894,0.159545,-0.229347,-0.0384521,-0.185158,-0.085974,0.178808,-0.0129373,-0.12085,0.12106,0.34572,0.317626,0.299837,0.332484,0.174208,0.366342,0.383782,0.291424,0.317809,0,0,0,
0,0.00362198,0.147462,0.00965917,-0.955173,-0.347296,-0.127211,-0.18556,0.0668804,-0.206075,-0.123428,0.280794,-0.0512125,0.159723,-0.229844,-0.0386433,-0.177432,-0.0833682,0.1717,-0.0132677,-0.121875,0.121312,0.34583,0.317714,0.299966,0.332484,0.174232,0.365959,0.383912,0.291685,0.318002,0,0,0,
0,-0.000724356,0.149648,0.0121583,-0.958697,-0.343348,-0.129283,-0.182936,0.0686139,-0.211096,-0.12251,0.284765,-0.0528151,0.159356,-0.230097,-0.0394659,-0.164069,-0.0779898,0.157847,-0.0144722,-0.121443,0.12147,0.345801,0.317676,0.299911,0.332315,0.174657,0.365323,0.384143,0.291829,0.318065,0,0,0,
0,-0.0023347,0.151926,0.0133009,-0.962063,-0.34065,-0.129095,-0.183006,0.0696649,-0.211774,-0.122558,0.284867,-0.0541473,0.159116,-0.23067,-0.0400322,-0.166231,-0.0769794,0.15432,-0.0149454,-0.121022,0.121741,0.345894,0.317616,0.299853,0.332261,0.174651,0.364996,0.384199,0.29177,0.318054,0,0,0,
0,-0.00535295,0.156108,0.0154254,-0.967504,-0.333553,-0.130238,-0.182948,0.0700251,-0.213886,-0.12241,0.285392,-0.0567503,0.158042,-0.230413,-0.0402449,-0.173313,-0.073739,0.157063,-0.0145473,-0.12286,0.121826,0.345901,0.317518,0.299802,0.332232,0.174212,0.364377,0.384486,0.291938,0.318619,0,0,0,
0,-0.0086179,0.161474,0.0173012,-0.970199,-0.326864,-0.131171,-0.18459,0.0686205,-0.209732,-0.123128,0.283972,-0.0603517,0.156057,-0.231273,-0.0404934,-0.170153,-0.0705223,0.153292,-0.0162382,-0.124425,0.121814,0.345599,0.317141,0.299263,0.331331,0.174419,0.363782,0.384783,0.292364,0.318685,0,0,0,
0,-0.0110283,0.163533,0.0185019,-0.968413,-0.324062,-0.13271,-0.184935,0.0675546,-0.206969,-0.123584,0.28116,-0.0615715,0.155769,-0.230988,-0.0405682,-0.16735,-0.0681858,0.151347,-0.0158784,-0.126331,0.121807,0.345493,0.316961,0.299073,0.331228,0.174376,0.363294,0.384708,0.292298,0.318709,0,0,0,
0,-0.0146103,0.165999,0.0203361,-0.965577,-0.320707,-0.135108,-0.185374,0.0655293,-0.198575,-0.125155,0.274092,-0.0640401,0.155655,-0.230358,-0.0422302,-0.163333,-0.064537,0.147217,-0.016857,-0.12941,0.121579,0.345088,0.316908,0.298893,0.331295,0.174453,0.362669,0.38475,0.292366,0.319037,0,0,0,
0,-0.0158083,0.166282,0.0213702,-0.96349,-0.319614,-0.135735,-0.18657,0.0630783,-0.192169,-0.127119,0.268442,-0.0648822,0.155865,-0.230354,-0.0441344,-0.151949,-0.0605686,0.13913,-0.0179323,-0.131737,0.121464,0.345056,0.316853,0.298719,0.331136,0.174749,0.362447,0.384971,0.292437,0.319001,0,0,0,
0,-0.0165068,0.166465,0.0217625,-0.961801,-0.320548,-0.135433,-0.187541,0.0612639,-0.192865,-0.127916,0.267539,-0.0651668,0.155864,-0.230563,-0.0450902,-0.144568,-0.0586608,0.13228,-0.0188191,-0.132388,0.121392,0.34485,0.316809,0.298637,0.331163,0.174797,0.362556,0.385075,0.292436,0.319002,0,0,0,
0,-0.0179908,0.166694,0.0226595,-0.956744,-0.324236,-0.134052,-0.188561,0.0579162,-0.188171,-0.130186,0.263893,-0.0661732,0.156672,-0.231222,-0.0469856,-0.132013,-0.0558793,0.119526,-0.0215199,-0.132067,0.120999,0.344557,0.316655,0.298807,0.330955,0.175082,0.362708,0.385254,0.292545,0.319026,0,0,0,
0,-0.0187002,0.165976,0.0235007,-0.944992,-0.328418,-0.131219,-0.189358,0.0551601,-0.183225,-0.13258,0.261008,-0.0662074,0.156956,-0.232321,-0.0489843,-0.126101,-0.0541889,0.110693,-0.0227547,-0.131112,0.120643,0.344174,0.316181,0.298688,0.33071,0.175164,0.363219,0.385517,0.292796,0.319219,0,0,0,
0,-0.0192442,0.165357,0.0235777,-0.936344,-0.329538,-0.130274,-0.189305,0.0541312,-0.182129,-0.133596,0.259067,-0.0659024,0.157688,-0.232984,-0.0493692,-0.125715,-0.0531784,0.108767,-0.0232347,-0.130301,0.120273,0.344081,0.316088,0.29872,0.330689,0.175215,0.363465,0.385607,0.292859,0.319414,0,0,0,
0,-0.0194602,0.163936,0.0236005,-0.917475,-0.329614,-0.128658,-0.189247,0.0528635,-0.178646,-0.135983,0.254404,-0.0650673,0.158461,-0.233958,-0.0495509,-0.129073,-0.0526446,0.107401,-0.0248138,-0.127623,0.119929,0.343901,0.315888,0.298768,0.330569,0.175591,0.363866,0.385401,0.292778,0.319204,0,0,0,
0,-0.0189817,0.163334,0.0232487,-0.89646,-0.32751,-0.126934,-0.189479,0.0527649,-0.174334,-0.136797,0.250977,-0.0638457,0.158582,-0.234735,-0.0489904,-0.130694,-0.0528455,0.108245,-0.0251759,-0.126915,0.119765,0.343953,0.31587,0.298824,0.330521,0.175572,0.364173,0.385453,0.292705,0.319322,0,0,0,
0,-0.0164431,0.160984,0.0225509,-0.860951,-0.324008,-0.124579,-0.188621,0.0526884,-0.166091,-0.136386,0.242928,-0.0609561,0.159557,-0.235931,-0.0481832,-0.127577,-0.0536031,0.108109,-0.0261741,-0.12537,0.119466,0.343895,0.315979,0.298931,0.330818,0.175766,0.364829,0.385513,0.292566,0.319506,0,0,0,
0,-0.0127126,0.159144,0.0211595,-0.839198,-0.321195,-0.123684,-0.187181,0.0533728,-0.161283,-0.134935,0.237946,-0.0581806,0.160259,-0.23728,-0.0472374,-0.120393,-0.0546399,0.102353,-0.0265037,-0.124102,0.119266,0.343894,0.315911,0.299022,0.330847,0.175718,0.365466,0.385502,0.292498,0.319599,0,0,0,
0,-0.0106376,0.158214,0.0202583,-0.83262,-0.320194,-0.123308,-0.186168,0.0539921,-0.162185,-0.133978,0.237372,-0.0570858,0.160748,-0.237801,-0.0466081,-0.125169,-0.055631,0.106192,-0.0254217,-0.125176,0.11923,0.34378,0.315932,0.299127,0.330617,0.175663,0.365662,0.385539,0.292484,0.319706,0,0,0,
0,-0.00598698,0.156841,0.0180585,-0.82651,-0.315605,-0.122471,-0.184317,0.0566955,-0.165873,-0.131785,0.238477,-0.0548345,0.161926,-0.239307,-0.0448812,-0.124324,-0.057544,0.102346,-0.0266668,-0.122883,0.11945,0.343948,0.316195,0.299476,0.330385,0.176077,0.366231,0.385296,0.292255,0.319608,0,0,0,
0,-0.00290825,0.155311,0.0153542,-0.82259,-0.309171,-0.12185,-0.181864,0.0602685,-0.177083,-0.128858,0.242818,-0.0534067,0.163358,-0.24045,-0.0433612,-0.124128,-0.0591271,0.101613,-0.0265386,-0.121978,0.119744,0.344544,0.316769,0.299665,0.330823,0.176081,0.366743,0.385375,0.292142,0.31984,0,0,0,
0,0.000229346,0.154236,0.0139496,-0.805954,-0.30087,-0.121113,-0.180915,0.0613937,-0.179658,-0.127622,0.246544,-0.0535173,0.163233,-0.240834,-0.0426409,-0.118379,-0.0595843,0.0986648,-0.026202,-0.121072,0.119899,0.344715,0.316795,0.299744,0.330624,0.176148,0.366892,0.385221,0.291874,0.319828,0,0,0,
0,0.00661188,0.152574,0.0114357,-0.779084,-0.288029,-0.119559,-0.179101,0.0639624,-0.183862,-0.125789,0.252086,-0.0551882,0.162295,-0.241364,-0.0420789,-0.119217,-0.060559,0.0980215,-0.0246852,-0.120384,0.119799,0.344769,0.316859,0.300049,0.330438,0.176129,0.367183,0.385334,0.291828,0.320209,0,0,0,
0,0.0130311,0.151614,0.00894532,-0.746762,-0.276665,-0.115043,-0.178134,0.0668044,-0.181075,-0.125453,0.250085,-0.0566115,0.161636,-0.241574,-0.0410409,-0.123533,-0.0606672,0.100238,-0.0228905,-0.120123,0.120247,0.345186,0.317165,0.300441,0.330621,0.175936,0.367313,0.385396,0.29177,0.320489,0,0,0,
0,0.0168588,0.151535,0.00749452,-0.720031,-0.267486,-0.109085,-0.177859,0.0678444,-0.17685,-0.125373,0.248957,-0.0577059,0.160248,-0.241305,-0.0402791,-0.123734,-0.0605947,0.101653,-0.0224138,-0.121031,0.120271,0.345128,0.317042,0.300544,0.330508,0.17587,0.367281,0.385393,0.291843,0.32076,0,0,0,
0,0.0239648,0.154063,0.0043439,-0.667406,-0.248199,-0.0959106,-0.179641,0.0700451,-0.166202,-0.125411,0.238773,-0.0577706,0.158617,-0.24311,-0.0389579,-0.124017,-0.0607919,0.103577,-0.0224429,-0.12211,0.120322,0.345563,0.31742,0.300844,0.330829,0.176074,0.366966,0.385452,0.291714,0.320776,0,0,0,
0,0.0305265,0.156359,0.00128875,-0.585563,-0.219228,-0.0804328,-0.179682,0.0722287,-0.156848,-0.124118,0.22983,-0.0578155,0.157146,-0.243441,-0.0354556,-0.109379,-0.0611205,0.0958766,-0.0251071,-0.123391,0.12053,0.34593,0.317661,0.301051,0.330829,0.176123,0.36719,0.385527,0.291692,0.320934,0,0,0,
0,0.0331114,0.157105,0.000131268,-0.504503,-0.195788,-0.0667693,-0.178635,0.073079,-0.151077,-0.123904,0.224389,-0.0584938,0.157432,-0.243702,-0.0345866,-0.106969,-0.0625066,0.0910946,-0.0260768,-0.122857,0.120573,0.345945,0.317812,0.301223,0.33086,0.176099,0.367315,0.385507,0.291641,0.320949,0,0,0,
0,0.0401615,0.157371,-0.00161406,-0.376523,-0.161346,-0.0427556,-0.177738,0.0739792,-0.134133,-0.123382,0.211157,-0.061799,0.158866,-0.244915,-0.0337956,-0.104029,-0.0645937,0.0851683,-0.0257878,-0.122441,0.12099,0.345993,0.317807,0.30127,0.330839,0.176024,0.367439,0.385443,0.291631,0.321047,0,0,0,
0,0.0452134,0.157294,-0.00285214,-0.241616,-0.128458,-0.019118,-0.178467,0.0748576,-0.137946,-0.124966,0.206035,-0.0641464,0.159064,-0.245376,-0.0323188,-0.106017,-0.0656435,0.0831489,-0.0249376,-0.121917,0.121296,0.345994,0.317659,0.301275,0.330757,0.176157,0.367583,0.385361,0.291568,0.320669,0,0,0,
0,0.0485996,0.157551,-0.00344356,-0.182482,-0.114331,-0.00970786,-0.179262,0.0746867,-0.136571,-0.125888,0.205581,-0.0651242,0.158865,-0.245357,-0.0319533,-0.104346,-0.0660633,0.0823281,-0.0246186,-0.121745,0.121164,0.345818,0.317669,0.30116,0.330793,0.176096,0.367504,0.385388,0.291543,0.320619,0,0,0,
0,0.0522595,0.158484,-0.00499854,-0.0800066,-0.0920524,0.00451622,-0.181562,0.0750496,-0.134336,-0.127826,0.202466,-0.0649961,0.158281,-0.245072,-0.0309586,-0.112136,-0.0669937,0.0877059,-0.0239956,-0.121891,0.121224,0.345925,0.317672,0.301368,0.331132,0.17594,0.367561,0.385346,0.291474,0.32098,0,0,0,
0,0.0541784,0.158591,-0.00581369,-0.0421867,-0.0830617,0.00910667,-0.182219,0.0750971,-0.131676,-0.128072,0.201067,-0.0646072,0.157748,-0.244503,-0.0305428,-0.111964,-0.0671328,0.0910925,-0.0233392,-0.122708,0.12123,0.346071,0.317755,0.30149,0.331276,0.1759,0.367606,0.385504,0.291546,0.32118,0,0,0,
0,0.0570112,0.159252,-0.00699629,0.0186822,-0.0654313,0.0139234,-0.183021,0.0752624,-0.124541,-0.128116,0.196686,-0.0635388,0.157035,-0.243882,-0.0303881,-0.114817,-0.0671804,0.0949699,-0.0224138,-0.123413,0.121161,0.346363,0.317891,0.301688,0.331459,0.175819,0.367626,0.385522,0.29144,0.321359,0,0,0,
0,0.0590812,0.159923,-0.00825064,0.0507055,-0.0522102,0.014796,-0.183277,0.0757373,-0.120612,-0.127459,0.192895,-0.0621795,0.156241,-0.243354,-0.0292436,-0.11834,-0.0670535,0.098422,-0.0225876,-0.124634,0.121166,0.346413,0.317895,0.301746,0.331529,0.175652,0.367613,0.385432,0.29141,0.321416,0,0,0,
0,0.0595484,0.16064,-0.0090352,0.0628217,-0.0463484,0.0131282,-0.183218,0.0764838,-0.115008,-0.12688,0.188901,-0.061489,0.155702,-0.243482,-0.0288909,-0.117813,-0.0674313,0.098959,-0.0228656,-0.12528,0.12108,0.346552,0.318029,0.301871,0.331617,0.175587,0.367585,0.38538,0.291379,0.321398,0,0,0,
0,0.0594076,0.162105,-0.0103191,0.0816307,-0.0391512,0.00756472,-0.182323,0.0768275,-0.107471,-0.124727,0.180877,-0.0617589,0.154827,-0.243928,-0.0295872,-0.117088,-0.067638,0.097921,-0.0230738,-0.125816,0.121148,0.346657,0.318153,0.301963,0.331791,0.175538,0.367514,0.385339,0.291368,0.321365,0,0,0,
0,0.0604617,0.163062,-0.0118683,0.0900682,-0.0363238,0.00296487,-0.180608,0.0763978,-0.0996609,-0.123998,0.173009,-0.063718,0.155067,-0.243939,-0.0308511,-0.118887,-0.0677033,0.0992098,-0.0230444,-0.12568,0.121315,0.346756,0.3183,0.302079,0.332013,0.17552,0.367536,0.385413,0.291372,0.321448,0,0,0,
0,0.0606409,0.162926,-0.0126947,0.0912292,-0.0359036,0.00131066,-0.179866,0.0760098,-0.0969164,-0.124098,0.170645,-0.0646204,0.154947,-0.243535,-0.0313056,-0.12467,-0.067576,0.102099,-0.0232431,-0.125612,0.12123,0.346692,0.318262,0.302031,0.332075,0.175484,0.367612,0.385461,0.291385,0.321448,0,0,0,
0,0.060948,0.162145,-0.0146003,0.0889687,-0.036409,-0.00171961,-0.179527,0.0752121,-0.0909339,-0.124472,0.166485,-0.0666985,0.155128,-0.243194,-0.0318047,-0.128828,-0.0671069,0.107358,-0.0240125,-0.125171,0.121447,0.346654,0.318143,0.301958,0.331998,0.175415,0.367623,0.385259,0.291158,0.321376,0,0,0,
0,0.061177,0.160372,-0.0162393,0.0833638,-0.0384652,-0.00429357,-0.180369,0.0742018,-0.0896657,-0.125335,0.165473,-0.0673145,0.155862,-0.242743,-0.0313567,-0.132635,-0.0670169,0.112048,-0.0263199,-0.124941,0.121601,0.346753,0.318168,0.301921,0.331779,0.17579,0.367811,0.38516,0.291077,0.32127,0,0,0,
0,0.0610928,0.159016,-0.017057,0.0805233,-0.0393523,-0.00474149,-0.181229,0.0733919,-0.0930486,-0.12569,0.168424,-0.0670441,0.156451,-0.242395,-0.0311811,-0.132925,-0.0673371,0.113464,-0.0275702,-0.124648,0.121865,0.346812,0.318144,0.301845,0.33178,0.175929,0.368017,0.385185,0.291113,0.321287,0,0,0,
0,0.0607896,0.156955,-0.0185843,0.0752129,-0.0427046,-0.00441764,-0.183342,0.0731757,-0.100532,-0.126796,0.176591,-0.0667515,0.157987,-0.243573,-0.029732,-0.134552,-0.0694401,0.117594,-0.0303424,-0.123619,0.122469,0.346826,0.318093,0.301698,0.331686,0.176212,0.368308,0.385175,0.291088,0.321227,0,0,0,
0,0.0604516,0.154962,-0.0189228,0.0732298,-0.0439776,-0.0041619,-0.183626,0.073098,-0.106,-0.127185,0.181833,-0.0656261,0.1583,-0.243313,-0.029119,-0.13263,-0.0708751,0.11783,-0.0304507,-0.122695,0.122336,0.346786,0.31804,0.301607,0.331543,0.176174,0.368422,0.385175,0.29108,0.32119,0,0,0,
0,0.0590487,0.152595,-0.0190071,0.0696494,-0.0509109,-0.00609631,-0.185468,0.0734511,-0.114096,-0.127689,0.191021,-0.0666814,0.159574,-0.244806,-0.0287351,-0.133895,-0.073782,0.119024,-0.0296476,-0.11982,0.12285,0.346692,0.318033,0.30142,0.331324,0.176046,0.368711,0.385288,0.291308,0.321149,0,0,0,
0,0.0576144,0.14898,-0.018245,0.0668617,-0.0556335,-0.00746764,-0.18658,0.0737557,-0.125348,-0.129685,0.200888,-0.065468,0.159298,-0.243884,-0.0281629,-0.146771,-0.0764827,0.12814,-0.0261981,-0.11759,0.122538,0.346456,0.317872,0.301247,0.331084,0.175751,0.368941,0.385187,0.29114,0.320982,0,0,0,
0,0.0567033,0.147095,-0.0177412,0.0650118,-0.0569745,-0.00820886,-0.186949,0.0738076,-0.128784,-0.130137,0.204695,-0.0646631,0.158705,-0.243033,-0.0277818,-0.152352,-0.0770425,0.133194,-0.0243726,-0.116929,0.122449,0.346348,0.317834,0.301179,0.330942,0.175553,0.368941,0.385103,0.291031,0.320798,0,0,0,
0,0.0557441,0.144025,-0.0163304,0.0605655,-0.0581627,-0.00932537,-0.1886,0.0730464,-0.133731,-0.130421,0.209704,-0.0625941,0.156625,-0.241173,-0.0276031,-0.16007,-0.0774527,0.141252,-0.0212339,-0.117025,0.122526,0.346369,0.317886,0.301148,0.330835,0.175288,0.368765,0.384976,0.290891,0.320614,0,0,0,
0,0.0553917,0.143567,-0.0150514,0.0560316,-0.0607704,-0.0102491,-0.189671,0.07204,-0.131983,-0.129406,0.211183,-0.061054,0.154273,-0.239502,-0.0277621,-0.165003,-0.0776809,0.147252,-0.0186515,-0.118692,0.12256,0.346409,0.318067,0.301194,0.331024,0.174861,0.368318,0.384856,0.290815,0.320406,0,0,0,
0,0.0544964,0.143651,-0.0143084,0.0533366,-0.0639641,-0.0100342,-0.189221,0.0711529,-0.130782,-0.128726,0.210424,-0.060554,0.153737,-0.238144,-0.0282689,-0.169291,-0.0770503,0.149492,-0.0185382,-0.119271,0.122489,0.346404,0.318052,0.301075,0.331074,0.174984,0.368088,0.384819,0.290781,0.320214,0,0,0,
0,0.0526807,0.143873,-0.0132669,0.0487592,-0.0692208,-0.00833916,-0.188419,0.0705207,-0.127502,-0.127184,0.207518,-0.0597587,0.153455,-0.236505,-0.0291345,-0.171826,-0.076078,0.153006,-0.0181565,-0.120981,0.122488,0.346446,0.318035,0.301066,0.331307,0.174928,0.36771,0.3847,0.29086,0.320216,0,0,0,
0,0.0503393,0.144174,-0.0119373,0.044941,-0.0734601,-0.00787451,-0.186748,0.0700045,-0.127805,-0.125468,0.205094,-0.0602668,0.153774,-0.234823,-0.030182,-0.169581,-0.0747259,0.151912,-0.0188779,-0.121391,0.122631,0.346506,0.317992,0.30109,0.331401,0.175106,0.367455,0.384745,0.29084,0.31988,0,0,0,
0,0.0495279,0.145529,-0.0114157,0.0443,-0.0755898,-0.00804553,-0.187401,0.0699032,-0.127363,-0.125383,0.204098,-0.0600821,0.15376,-0.235326,-0.0305578,-0.169041,-0.075278,0.149622,-0.0188307,-0.120906,0.122755,0.346484,0.318009,0.301096,0.33148,0.175001,0.367348,0.38465,0.290719,0.319625,0,0,0,
0,0.0480161,0.147528,-0.0106357,0.0384251,-0.0797531,-0.00783731,-0.187071,0.0698134,-0.128074,-0.124908,0.203465,-0.0606354,0.154401,-0.235893,-0.0309523,-0.169661,-0.0745411,0.147707,-0.0204218,-0.120229,0.122946,0.346553,0.318049,0.301175,0.331598,0.175169,0.367052,0.384428,0.290517,0.319346,0,0,0,
0,0.0466729,0.148241,-0.0100958,0.0357043,-0.0794358,-0.00774277,-0.186562,0.0701618,-0.130277,-0.12463,0.20345,-0.0619797,0.154957,-0.23595,-0.0312128,-0.173504,-0.0752165,0.149354,-0.0225334,-0.118899,0.123025,0.346628,0.318116,0.301408,0.331725,0.175339,0.367263,0.384532,0.290624,0.319141,0,0,0,
0,0.0466565,0.148549,-0.00984905,0.0327334,-0.079233,-0.00810728,-0.186847,0.0702467,-0.129429,-0.124678,0.202718,-0.0625981,0.154663,-0.236398,-0.0320335,-0.176165,-0.0761769,0.15133,-0.0226812,-0.118032,0.123054,0.346688,0.318169,0.301448,0.331782,0.175373,0.367337,0.384568,0.29058,0.319042,0,0,0,
0,0.0469666,0.148791,-0.00979015,0.029064,-0.0789379,-0.0081688,-0.187001,0.0700859,-0.128995,-0.124958,0.202294,-0.0626107,0.153392,-0.237001,-0.0326373,-0.182148,-0.0776084,0.15728,-0.0215634,-0.117105,0.122965,0.346533,0.318093,0.301325,0.331942,0.1755,0.367368,0.384601,0.290528,0.31896,0,0,0,
0,0.0473734,0.149174,-0.00978951,0.0250233,-0.0775817,-0.00836913,-0.186817,0.0697495,-0.125097,-0.124785,0.199565,-0.0625815,0.153319,-0.23742,-0.0328843,-0.190069,-0.0779315,0.164056,-0.0206138,-0.116463,0.123175,0.346661,0.318336,0.301365,0.332147,0.175642,0.367443,0.38454,0.290387,0.318869,0,0,0,
0,0.0472198,0.149363,-0.00972236,0.0237121,-0.0766579,-0.00805473,-0.186764,0.0696762,-0.12418,-0.124481,0.198129,-0.0624611,0.153002,-0.237508,-0.0329041,-0.191849,-0.0777607,0.166328,-0.0204083,-0.116267,0.123193,0.346674,0.318396,0.301327,0.332229,0.175625,0.36747,0.384488,0.290338,0.318787,0,0,0,
0,0.0474847,0.149585,-0.00982672,0.0212476,-0.0752463,-0.00756433,-0.186745,0.069677,-0.122302,-0.12344,0.19617,-0.0619033,0.152661,-0.237492,-0.0328305,-0.19381,-0.077666,0.169593,-0.0203471,-0.116707,0.123292,0.346691,0.318476,0.30141,0.33255,0.175611,0.367429,0.384517,0.290308,0.318782,0,0,0,
0,0.0472746,0.150091,-0.00997887,0.0203887,-0.0750725,-0.0072708,-0.187181,0.0698047,-0.123854,-0.122918,0.196266,-0.0618048,0.152826,-0.237945,-0.0326704,-0.1945,-0.0779087,0.170786,-0.0206019,-0.117071,0.123361,0.346769,0.318515,0.301463,0.332689,0.175756,0.367342,0.384572,0.290321,0.318823,0,0,0,
0,0.0463761,0.150514,-0.00993724,0.0196887,-0.0742126,-0.00720404,-0.187254,0.0698765,-0.126521,-0.122062,0.19743,-0.0619616,0.153272,-0.238205,-0.0325377,-0.195757,-0.0779437,0.171369,-0.0202995,-0.117384,0.123438,0.34697,0.318746,0.301696,0.332836,0.175929,0.367209,0.384507,0.290211,0.318695,0,0,0,
0,0.0469172,0.151429,-0.00997996,0.019009,-0.0748857,-0.00723885,-0.187765,0.0697009,-0.127729,-0.122138,0.198756,-0.0623898,0.153657,-0.239185,-0.0329589,-0.194764,-0.0774451,0.170972,-0.0202379,-0.117988,0.123453,0.346998,0.318756,0.301619,0.332907,0.176016,0.367093,0.384503,0.290192,0.318632,0,0,0,
0,0.0472812,0.151601,-0.00995879,0.0188566,-0.0743438,-0.00719286,-0.187672,0.0695461,-0.128625,-0.122249,0.199752,-0.0627818,0.153864,-0.239256,-0.0329744,-0.192438,-0.0770547,0.16971,-0.0203264,-0.118029,0.123313,0.346926,0.318654,0.301515,0.332876,0.175997,0.367112,0.384449,0.290101,0.318543,0,0,0,
0,0.0477761,0.151758,-0.00994626,0.0185687,-0.0726391,-0.00667607,-0.187537,0.0693332,-0.130079,-0.123124,0.201367,-0.0630304,0.154159,-0.239342,-0.0327961,-0.188694,-0.0765446,0.165721,-0.0207059,-0.117325,0.123419,0.346994,0.318598,0.301396,0.332922,0.17613,0.367097,0.384307,0.289851,0.318304,0,0,0,
0,0.0478263,0.151978,-0.0100198,0.018707,-0.0702219,-0.00654385,-0.18767,0.0694732,-0.129364,-0.123341,0.200891,-0.0629021,0.154459,-0.239448,-0.0326079,-0.188484,-0.0765594,0.163324,-0.0212213,-0.116096,0.123549,0.347011,0.318636,0.301437,0.333013,0.176309,0.367155,0.384169,0.28966,0.318051,0,0,0,
0,0.0479185,0.15179,-0.00995818,0.0186117,-0.0685186,-0.00695193,-0.187394,0.0694189,-0.129819,-0.123155,0.200836,-0.0627582,0.154521,-0.239099,-0.0327569,-0.190691,-0.0765291,0.164105,-0.0210499,-0.115379,0.123539,0.346971,0.318644,0.30138,0.333005,0.176285,0.367097,0.384129,0.289553,0.318032,0,0,0,
0,0.0472743,0.151916,-0.00998766,0.0184697,-0.0672733,-0.00720597,-0.187248,0.0694584,-0.131875,-0.123362,0.201732,-0.0625979,0.154571,-0.239145,-0.0326448,-0.195911,-0.0767735,0.168159,-0.0208074,-0.115121,0.12346,0.34681,0.31863,0.301238,0.333088,0.176201,0.36718,0.384277,0.289565,0.318182,0,0,0,
0,0.0473692,0.152082,-0.0100057,0.0185726,-0.0669496,-0.00729405,-0.186945,0.0691552,-0.133533,-0.123681,0.20329,-0.0625847,0.154685,-0.238957,-0.0322812,-0.194728,-0.0769251,0.1684,-0.020545,-0.114972,0.123363,0.346682,0.318667,0.30116,0.333132,0.176266,0.367183,0.384371,0.28954,0.318196,0,0,0,
0,0.0474084,0.152156,-0.0100172,0.0185776,-0.0668304,-0.00716326,-0.186825,0.0690881,-0.134009,-0.123801,0.203881,-0.0624648,0.154696,-0.238831,-0.0322011,-0.194137,-0.0769207,0.16776,-0.0207117,-0.114804,0.123281,0.346646,0.318629,0.30113,0.333118,0.176248,0.367226,0.384324,0.289516,0.318117,0,0,0,
0,0.0469221,0.152557,-0.0100285,0.0189573,-0.0677029,-0.00649547,-0.186924,0.0690918,-0.134999,-0.124075,0.204534,-0.0622812,0.154858,-0.239063,-0.0320359,-0.193045,-0.0770889,0.165872,-0.020736,-0.114715,0.123354,0.346553,0.318544,0.301,0.333048,0.176249,0.367184,0.384301,0.289364,0.318065,0,0,0,
0,0.046502,0.152767,-0.00997761,0.018772,-0.0679632,-0.0063063,-0.186376,0.0691463,-0.134385,-0.124308,0.204311,-0.0623306,0.154869,-0.239037,-0.0318081,-0.192191,-0.0769749,0.164631,-0.0207157,-0.114945,0.123329,0.346397,0.318442,0.300728,0.333031,0.176204,0.36723,0.38441,0.289411,0.318072,0,0,0,
0,0.046329,0.15283,-0.00999467,0.0184893,-0.0679595,-0.00625157,-0.186298,0.0689542,-0.134636,-0.124437,0.204123,-0.0622327,0.155007,-0.238991,-0.0318524,-0.192127,-0.0769155,0.164527,-0.0206987,-0.115087,0.123392,0.346449,0.318462,0.300699,0.333078,0.176196,0.36728,0.384456,0.289454,0.318132,0,0,0,
0,0.0458313,0.152896,-0.00985014,0.0180972,-0.0678044,-0.0062559,-0.186163,0.0685451,-0.13542,-0.124655,0.204319,-0.0621351,0.155138,-0.238828,-0.0319216,-0.194846,-0.0768478,0.165623,-0.0208357,-0.115084,0.123532,0.346221,0.318377,0.300545,0.33298,0.176219,0.36731,0.384528,0.289531,0.318112,0,0,0,
0,0.0460937,0.152878,-0.00979055,0.0182531,-0.0677731,-0.00628714,-0.186128,0.0684397,-0.135787,-0.124747,0.204797,-0.0621189,0.155005,-0.238766,-0.0319824,-0.195733,-0.0768684,0.166545,-0.0208963,-0.115111,0.123539,0.346125,0.318368,0.300501,0.332932,0.176183,0.367291,0.384534,0.289578,0.318129,0,0,0,
0,0.0461517,0.152975,-0.0097382,0.0174565,-0.0679572,-0.00584165,-0.186155,0.0684634,-0.136229,-0.124847,0.204919,-0.061832,0.155293,-0.238718,-0.031998,-0.198377,-0.0770228,0.168961,-0.0212484,-0.115049,0.123621,0.346121,0.318508,0.300553,0.333091,0.176068,0.367323,0.384554,0.28966,0.31814,0,0,0,
0,0.0461423,0.153113,-0.00965666,0.0151157,-0.0685176,-0.00545802,-0.186107,0.0686744,-0.136694,-0.125029,0.204285,-0.0616006,0.155504,-0.238806,-0.0318518,-0.199055,-0.077195,0.169786,-0.0213132,-0.115134,0.123764,0.34615,0.318608,0.300656,0.333113,0.176037,0.367316,0.384525,0.289738,0.318094,0,0,0,
0,0.0465198,0.153277,-0.00958538,0.0144122,-0.0687282,-0.00552556,-0.186314,0.0686849,-0.136893,-0.125097,0.204407,-0.0614492,0.155576,-0.238869,-0.0318747,-0.19863,-0.0772085,0.169992,-0.0215627,-0.115158,0.123947,0.346193,0.318673,0.300702,0.333086,0.176108,0.367382,0.384583,0.289807,0.318116,0,0,0,
0,0.0470573,0.153785,-0.00956196,0.0142267,-0.0699694,-0.00501836,-0.186727,0.0687101,-0.137937,-0.125299,0.20481,-0.0610878,0.155748,-0.239255,-0.0319893,-0.200091,-0.077295,0.170679,-0.0218901,-0.114839,0.124042,0.346164,0.31866,0.300691,0.333169,0.176143,0.367453,0.384533,0.2898,0.318079,0,0,0,
0,0.0474827,0.154864,-0.0095682,0.0129593,-0.0725537,-0.00414127,-0.187779,0.0686446,-0.137938,-0.125635,0.204739,-0.06112,0.155797,-0.240498,-0.0320472,-0.200494,-0.0775245,0.171172,-0.0214932,-0.115096,0.124139,0.346188,0.318578,0.300658,0.33319,0.176124,0.367349,0.384528,0.289719,0.318121,0,0,0,
0,0.0473922,0.155344,-0.00971572,0.0113712,-0.0731785,-0.00396601,-0.187827,0.0686989,-0.138105,-0.125714,0.205121,-0.0610503,0.155778,-0.240574,-0.0318097,-0.200656,-0.0771382,0.171429,-0.0215472,-0.115198,0.124141,0.346156,0.318551,0.300672,0.333174,0.176112,0.367303,0.384487,0.289679,0.318134,0,0,0,
0,0.0476749,0.15563,-0.00984354,0.00955833,-0.0748418,-0.00301872,-0.187807,0.06877,-0.136635,-0.125646,0.204622,-0.0609681,0.155979,-0.240524,-0.0318837,-0.199699,-0.0769372,0.1706,-0.0218442,-0.115372,0.124142,0.346125,0.31847,0.300685,0.333083,0.176128,0.367388,0.384554,0.28963,0.318119,0,0,0,
0,0.0480126,0.155836,-0.00992304,0.00614455,-0.0761223,-0.00190072,-0.187815,0.0688622,-0.133821,-0.125439,0.202652,-0.0611021,0.156053,-0.240558,-0.031781,-0.19657,-0.0766847,0.168422,-0.0222247,-0.115531,0.124113,0.346153,0.318415,0.300725,0.332965,0.176502,0.367204,0.384392,0.289498,0.317823,0,0,0,
