0,0.0159289,0.106539,-0.0109544,-0.0109999,-0.173452,-0.00996183,-0.177981,0.0191507,-0.401869,-0.183027,0.331283,0.0330612,0.074719,-0.218411,-0.0678441,-0.281745,-0.0794352,0.290759,-0.0251366,-0.10054,0.0915398,0.277383,0.254575,0.268412,0.280732,0.149712,0.308563,0.328069,0.274312,0.322422,0,0,0,
0,0.0159872,0.106945,-0.0113829,-0.0118365,-0.17549,-0.00885037,-0.177014,0.0185677,-0.399626,-0.182096,0.329138,0.0341429,0.0743293,-0.217935,-0.067255,-0.282858,-0.0778789,0.291772,-0.0250444,-0.100819,0.0914496,0.277528,0.254573,0.268329,0.280607,0.14994,0.308246,0.328021,0.274302,0.322511,0,0,0,
0,0.0164199,0.107343,-0.0115006,-0.0122024,-0.176279,-0.00877426,-0.176298,0.0183068,-0.397429,-0.181638,0.328069,0.0346818,0.0745161,-0.218053,-0.0674247,-0.282386,-0.0776681,0.292043,-0.0249688,-0.100745,0.0914429,0.277578,0.254588,0.268246,0.280609,0.149954,0.308097,0.327942,0.274273,0.322532,0,0,0,
0,0.0167759,0.109084,-0.0118164,-0.0110115,-0.178339,-0.00917377,-0.17676,0.0174743,-0.396922,-0.181355,0.326154,0.0341111,0.0757458,-0.219854,-0.0679398,-0.284083,-0.077199,0.29298,-0.0253676,-0.100735,0.0918543,0.277567,0.25455,0.268096,0.280477,0.149918,0.307867,0.327797,0.2741,0.322614,0,0,0,
0,0.0173592,0.109451,-0.0118612,-0.00978397,-0.177242,-0.0107606,-0.176777,0.0171323,-0.399264,-0.181213,0.327221,0.0328973,0.0766659,-0.220471,-0.0681453,-0.286445,-0.0764491,0.296023,-0.025792,-0.10073,0.0924501,0.277552,0.254471,0.267985,0.280399,0.149965,0.307923,0.327875,0.274027,0.322717,0,0,0,
0,0.0175926,0.110632,-0.0120112,-0.00972558,-0.177712,-0.0111927,-0.178126,0.0171307,-0.398102,-0.18169,0.326867,0.0321092,0.0768745,-0.221752,-0.0683182,-0.284652,-0.0766697,0.295517,-0.0255995,-0.100641,0.0926644,0.277595,0.254425,0.267851,0.280278,0.149799,0.307911,0.327936,0.274039,0.3227,0,0,0,
0,0.018497,0.112406,-0.0124458,-0.010452,-0.178676,-0.0119043,-0.180194,0.0171217,-0.397446,-0.181954,0.326363,0.0322287,0.0768688,-0.222379,-0.0683986,-0.2832,-0.0766233,0.294199,-0.0255429,-0.100483,0.0928379,0.277533,0.25439,0.267628,0.280237,0.149621,0.307857,0.328019,0.274115,0.322803,0,0,0,
0,0.0189094,0.114162,-0.0128038,-0.0112619,-0.180086,-0.011818,-0.182059,0.0172155,-0.397431,-0.181942,0.325668,0.0323318,0.0765269,-0.222776,-0.0683385,-0.281802,-0.0765756,0.293507,-0.0257314,-0.100946,0.0929233,0.277515,0.254299,0.267498,0.280236,0.149649,0.307668,0.328018,0.27412,0.322865,0,0,0,
0,0.0193051,0.11491,-0.0130069,-0.0114767,-0.180199,-0.0114646,-0.182883,0.0171901,-0.396792,-0.181831,0.325071,0.0325632,0.0764064,-0.223072,-0.0683997,-0.28166,-0.0767251,0.293505,-0.0260394,-0.101026,0.0930595,0.277515,0.254328,0.267433,0.280224,0.149711,0.307632,0.328061,0.274134,0.322818,0,0,0,
0,0.0198353,0.115575,-0.013252,-0.0105929,-0.177737,-0.0110236,-0.183404,0.0170346,-0.396483,-0.18154,0.323984,0.0325862,0.0769099,-0.22336,-0.0683436,-0.281382,-0.0766817,0.293002,-0.0259085,-0.100687,0.0934507,0.277551,0.254385,0.267486,0.280296,0.14964,0.307556,0.328062,0.274072,0.322765,0,0,0,
0,0.019193,0.116352,-0.0134025,-0.00902054,-0.173112,-0.0109071,-0.184069,0.0168138,-0.39646,-0.181597,0.323461,0.032974,0.077303,-0.223907,-0.0681885,-0.280639,-0.0766755,0.29265,-0.0260232,-0.100855,0.0934336,0.27755,0.254395,0.26744,0.280374,0.149605,0.307587,0.328102,0.274108,0.322714,0,0,0,
0,0.0187645,0.11642,-0.0135234,-0.00750016,-0.170087,-0.0107841,-0.183955,0.0169239,-0.396707,-0.181545,0.323428,0.0331275,0.0776716,-0.223854,-0.0680765,-0.281363,-0.0766059,0.292589,-0.026014,-0.100793,0.0934857,0.277616,0.254507,0.267496,0.280456,0.149616,0.307599,0.328126,0.274154,0.322696,0,0,0,
0,0.0193006,0.116442,-0.0137801,-0.00525427,-0.163599,-0.011378,-0.183979,0.0168173,-0.397558,-0.181674,0.324323,0.0337791,0.0783301,-0.223925,-0.0679176,-0.282535,-0.0765897,0.293609,-0.0257332,-0.10098,0.0936322,0.277724,0.254582,0.267593,0.280767,0.149621,0.307547,0.32801,0.274117,0.322725,0,0,0,
0,0.0192965,0.11693,-0.0138955,-0.00417354,-0.161663,-0.0119011,-0.184448,0.0166791,-0.39873,-0.181893,0.325071,0.0338408,0.0785228,-0.22423,-0.0678724,-0.281051,-0.076724,0.293319,-0.0262762,-0.101392,0.0937242,0.277697,0.254583,0.267579,0.280782,0.149778,0.307512,0.328043,0.274114,0.322747,0,0,0,
0,0.0185746,0.117232,-0.0138852,-0.00219256,-0.158487,-0.0128633,-0.184334,0.0165191,-0.400383,-0.182074,0.326373,0.0344351,0.0786942,-0.224286,-0.0679422,-0.280629,-0.0767494,0.292488,-0.0264741,-0.101748,0.093795,0.277606,0.254531,0.267423,0.280678,0.149958,0.307481,0.328159,0.274227,0.322837,0,0,0,
0,0.0184873,0.118041,-0.0136865,-0.00183416,-0.157881,-0.0136355,-0.185369,0.0164852,-0.400977,-0.181582,0.327304,0.0346653,0.0788579,-0.225324,-0.0683921,-0.283378,-0.0769466,0.293892,-0.0252757,-0.102068,0.0939958,0.277762,0.254678,0.26748,0.280727,0.149924,0.307379,0.328233,0.274308,0.32291,0,0,0,
0,0.0186313,0.118256,-0.0136534,-0.00186477,-0.157913,-0.0137995,-0.185353,0.0165215,-0.40103,-0.181456,0.328238,0.0349076,0.0785147,-0.224912,-0.0685257,-0.283806,-0.0772289,0.294849,-0.0240861,-0.101838,0.0939426,0.277881,0.254677,0.267489,0.280698,0.150136,0.307218,0.328197,0.274291,0.322873,0,0,0,
0,0.0191882,0.120355,-0.0134961,-0.00167827,-0.16064,-0.0147489,-0.186,0.0160196,-0.399524,-0.181676,0.327771,0.0346584,0.0783472,-0.224913,-0.0689197,-0.293946,-0.0770883,0.302242,-0.0231334,-0.101582,0.0937036,0.27798,0.25469,0.267451,0.280814,0.150013,0.306967,0.328388,0.274493,0.322925,0,0,0,
0,0.0191897,0.124306,-0.0136143,-0.00102369,-0.165447,-0.0149983,-0.186973,0.0154208,-0.399608,-0.182308,0.327363,0.035957,0.0786011,-0.222888,-0.0689922,-0.299987,-0.0784346,0.307105,-0.0193089,-0.101094,0.0936855,0.278345,0.255017,0.267886,0.281108,0.149483,0.306468,0.328512,0.27477,0.323068,0,0,0,
0,0.019486,0.126968,-0.0136412,-0.000862182,-0.168356,-0.0151946,-0.187184,0.0147081,-0.400072,-0.18198,0.328689,0.0371975,0.0786426,-0.220417,-0.0684927,-0.303313,-0.0786392,0.309349,-0.0180845,-0.101608,0.0934837,0.278534,0.255236,0.268432,0.281294,0.149319,0.305932,0.328546,0.274836,0.32317,0,0,0,
0,0.0209275,0.134848,-0.013873,0.000147166,-0.17414,-0.0158622,-0.188042,0.0137254,-0.400618,-0.180832,0.330619,0.0405163,0.0793748,-0.218117,-0.0678136,-0.308384,-0.0782044,0.312335,-0.0147102,-0.104115,0.0929115,0.27918,0.255775,0.269617,0.28195,0.149811,0.304472,0.32855,0.275077,0.323482,0,0,0,
0,0.0205872,0.142052,-0.0140876,0.0180962,-0.179384,-0.0121838,-0.186207,0.0136351,-0.402502,-0.178172,0.334491,0.0432404,0.0792761,-0.214456,-0.0666703,-0.316784,-0.075551,0.316138,-0.0142774,-0.107121,0.0924108,0.27952,0.256132,0.270205,0.282307,0.150203,0.303309,0.328588,0.275074,0.32373,0,0,0,
0,0.0208855,0.145389,-0.0144233,0.037693,-0.184871,-0.00427352,-0.184605,0.0140822,-0.399911,-0.177551,0.334181,0.0422601,0.0795492,-0.213344,-0.0666458,-0.317671,-0.0754812,0.317297,-0.0150424,-0.108616,0.0920816,0.279682,0.25634,0.270683,0.282545,0.149939,0.30311,0.328763,0.275158,0.32381,0,0,0,
0,0.0217342,0.150343,-0.0152866,0.0817779,-0.19787,0.0150974,-0.18164,0.0148674,-0.393558,-0.176017,0.329906,0.0414555,0.0810185,-0.210517,-0.06722,-0.320826,-0.0756999,0.320323,-0.0166257,-0.111684,0.0899718,0.280481,0.258328,0.271754,0.283133,0.15054,0.302312,0.32893,0.275499,0.324016,0,0,0,
0,0.0233205,0.15678,-0.0161495,0.13717,-0.219567,0.0422343,-0.179209,0.0155154,-0.384862,-0.175125,0.324719,0.0425004,0.0846605,-0.210559,-0.0690541,-0.3191,-0.0763888,0.320855,-0.0174692,-0.113411,0.0858112,0.283301,0.262389,0.273992,0.284227,0.151689,0.301744,0.329221,0.276037,0.324374,0,0,0,
0,0.0238136,0.160871,-0.0165497,0.162361,-0.233384,0.0549228,-0.179118,0.0157085,-0.377177,-0.174357,0.322526,0.0430124,0.0858612,-0.211023,-0.0694438,-0.317971,-0.0770344,0.320329,-0.018204,-0.113532,0.0835823,0.28469,0.26446,0.275092,0.284735,0.152179,0.301574,0.329296,0.276272,0.32457,0,0,0,
0,0.0251437,0.169418,-0.0176129,0.190411,-0.257916,0.0682376,-0.178327,0.0158382,-0.357876,-0.170984,0.319648,0.0482426,0.0900381,-0.212569,-0.0694636,-0.317612,-0.0790394,0.31987,-0.0184516,-0.113465,0.0780675,0.288558,0.268705,0.27875,0.287336,0.152879,0.301344,0.329632,0.276476,0.32483,0,0,0,
0,0.0260481,0.174043,-0.018255,0.197783,-0.272264,0.0714074,-0.178631,0.0150061,-0.3514,-0.169535,0.317249,0.0492398,0.0923943,-0.214106,-0.0689337,-0.315129,-0.0802666,0.318992,-0.0185045,-0.11394,0.0768536,0.290461,0.27041,0.280541,0.288762,0.153079,0.301195,0.329744,0.276541,0.32497,0,0,0,
0,0.0277125,0.182415,-0.0194045,0.206783,-0.299802,0.0719561,-0.180778,0.0142245,-0.349207,-0.169251,0.313586,0.0473116,0.0962699,-0.219005,-0.0675066,-0.309781,-0.0826543,0.315009,-0.0196448,-0.11527,0.0787385,0.292836,0.272501,0.283433,0.291034,0.153685,0.301435,0.330068,0.276646,0.325174,0,0,0,
0,0.0281594,0.18712,-0.0197838,0.213235,-0.323286,0.0701174,-0.183301,0.0142332,-0.352213,-0.169843,0.315099,0.0440606,0.0978182,-0.223167,-0.0661733,-0.299882,-0.0845676,0.305311,-0.0213534,-0.117908,0.081243,0.294336,0.274061,0.285798,0.293035,0.155029,0.302254,0.330146,0.276912,0.32546,0,0,0,
0,0.0278635,0.189711,-0.0198848,0.217334,-0.33705,0.0684969,-0.185729,0.0144186,-0.351865,-0.170896,0.315732,0.0419872,0.0982338,-0.227153,-0.0653584,-0.288285,-0.0857199,0.296129,-0.0234985,-0.119469,0.0822578,0.295051,0.274732,0.286763,0.294457,0.155982,0.302707,0.330197,0.277134,0.325552,0,0,0,
0,0.0278147,0.192713,-0.0200844,0.22506,-0.358812,0.0676854,-0.19463,0.0136968,-0.355862,-0.171549,0.323912,0.0394681,0.0979691,-0.236092,-0.0637443,-0.252143,-0.08706,0.266687,-0.0268771,-0.121955,0.0839834,0.29629,0.275945,0.288843,0.297112,0.158121,0.30399,0.330299,0.277659,0.325563,0,0,0,
0,0.0276745,0.193407,-0.0206704,0.238673,-0.379858,0.0698417,-0.205452,0.0124346,-0.358516,-0.170799,0.341324,0.0379061,0.0972227,-0.24733,-0.0628302,-0.21878,-0.0891398,0.231695,-0.0310227,-0.123155,0.0860611,0.297158,0.277905,0.290419,0.299,0.16029,0.305962,0.330473,0.2787,0.325289,0,0,0,
0,0.0274271,0.192203,-0.0212329,0.247566,-0.389792,0.0717238,-0.213947,0.0109923,-0.367869,-0.169113,0.362213,0.0376205,0.0945911,-0.254875,-0.0624408,-0.204977,-0.090543,0.215935,-0.031654,-0.123182,0.0867709,0.297419,0.278011,0.290309,0.298899,0.160634,0.307148,0.330527,0.279085,0.324951,0,0,0,
0,0.0265844,0.186498,-0.022582,0.264289,-0.401136,0.0774169,-0.233161,0.00394835,-0.378652,-0.167466,0.401383,0.0367326,0.094431,-0.272008,-0.0610313,-0.172175,-0.0931391,0.183925,-0.0395312,-0.121572,0.0881232,0.296726,0.277499,0.289204,0.299324,0.163147,0.310413,0.330677,0.27936,0.32384,0,0,0,
0,0.026202,0.181399,-0.0239067,0.284706,-0.411667,0.0862516,-0.261247,-0.00162962,-0.404204,-0.171125,0.444601,0.0294104,0.0984164,-0.293277,-0.0608944,-0.131281,-0.0979171,0.146012,-0.049222,-0.116424,0.0867148,0.295232,0.276519,0.287954,0.298487,0.165218,0.314394,0.330429,0.278979,0.322137,0,0,0,
0,0.0263513,0.179159,-0.0240903,0.292393,-0.415029,0.0904593,-0.272734,-0.00225992,-0.400417,-0.178835,0.458036,0.0272588,0.0988992,-0.308675,-0.0630355,-0.110004,-0.103079,0.128046,-0.0497197,-0.113119,0.084117,0.294339,0.275944,0.287266,0.297823,0.16666,0.316518,0.330376,0.27925,0.322247,0,0,0,
0,0.0275369,0.174468,-0.0241717,0.302954,-0.420228,0.0991127,-0.315618,0.00406112,-0.417325,-0.183314,0.480971,0.0193046,0.100267,-0.33841,-0.0695386,-0.0792438,-0.108772,0.103702,-0.0568212,-0.106213,0.0829156,0.292245,0.274317,0.28546,0.297086,0.167836,0.320796,0.329815,0.278839,0.322072,0,0,0,
0,0.0283811,0.166311,-0.0247475,0.308249,-0.422263,0.108745,-0.356206,0.0174556,-0.405015,-0.198048,0.473404,0.00616048,0.102962,-0.368551,-0.0813963,-0.0558022,-0.127847,0.090863,-0.0627122,-0.0952516,0.0927037,0.291373,0.272871,0.284368,0.296685,0.172064,0.326434,0.329914,0.278178,0.32137,0,0,0,
0,0.0287199,0.161599,-0.0250861,0.308979,-0.421396,0.112851,-0.382049,0.0289702,-0.404869,-0.199566,0.465384,0.0054281,0.101858,-0.382826,-0.0889792,-0.0550835,-0.135145,0.0941092,-0.0668314,-0.0898075,0.0904928,0.290903,0.271794,0.283918,0.296454,0.172303,0.329859,0.330078,0.277926,0.321212,0,0,0,
0,0.0279485,0.152755,-0.0252295,0.308732,-0.419172,0.117148,-0.424566,0.0494753,-0.382683,-0.205445,0.437093,0.00384601,0.101142,-0.413579,-0.106742,-0.0564973,-0.152422,0.108115,-0.0685135,-0.0777692,0.0893688,0.290456,0.271162,0.283719,0.296562,0.172767,0.335849,0.32992,0.278536,0.32105,0,0,0,
0,0.0276258,0.147577,-0.025191,0.30868,-0.417608,0.118792,-0.447466,0.0594317,-0.385978,-0.203088,0.422081,0.00237029,0.103172,-0.43215,-0.117364,-0.0652377,-0.156749,0.122121,-0.0636763,-0.0710418,0.0894819,0.291118,0.271593,0.28428,0.297266,0.170748,0.338356,0.329742,0.278303,0.321156,0,0,0,
0,0.0261941,0.139524,-0.0242552,0.309284,-0.413468,0.12094,-0.489538,0.0781727,-0.388587,-0.208785,0.394191,0.0125935,0.102625,-0.46422,-0.134205,-0.0692933,-0.174973,0.152393,-0.0514397,-0.0637365,0.0926416,0.293294,0.27404,0.286651,0.298346,0.173139,0.346134,0.331094,0.27973,0.322295,0,0,0,
0,0.0251992,0.133039,-0.0234687,0.307466,-0.410795,0.122658,-0.521563,0.0936301,-0.390969,-0.203935,0.387047,0.0295929,0.0953438,-0.486961,-0.146046,-0.080364,-0.182885,0.176129,-0.0325186,-0.0541195,0.0909847,0.29537,0.277008,0.288933,0.299776,0.173828,0.351089,0.332058,0.280726,0.322854,0,0,0,
0,0.0252599,0.131285,-0.0230914,0.306311,-0.41075,0.123279,-0.532616,0.0996549,-0.39244,-0.196991,0.386499,0.0364661,0.0912901,-0.496774,-0.151241,-0.0882076,-0.183681,0.186394,-0.021713,-0.0494929,0.0906538,0.296362,0.278853,0.290092,0.300841,0.174083,0.35259,0.332324,0.281272,0.323353,0,0,0,
0,0.023666,0.129678,-0.0220627,0.301732,-0.415197,0.122229,-0.541637,0.105517,-0.390552,-0.180797,0.38529,0.0484447,0.0859645,-0.506159,-0.157758,-0.111719,-0.17887,0.207756,-0.000329815,-0.0439323,0.0912694,0.298509,0.281433,0.293047,0.304293,0.17622,0.353954,0.332683,0.28261,0.324258,0,0,0,
0,0.0240014,0.131378,-0.0207483,0.287186,-0.423411,0.118586,-0.536134,0.104181,-0.390297,-0.163722,0.387836,0.0647599,0.0797774,-0.49629,-0.159331,-0.129458,-0.175545,0.225139,0.0283129,-0.0451151,0.0904262,0.299453,0.283016,0.293829,0.30676,0.176319,0.351824,0.332258,0.283275,0.32487,0,0,0,
0,0.0244094,0.131927,-0.0204804,0.264501,-0.429216,0.115144,-0.523436,0.102334,-0.387795,-0.152488,0.390207,0.0694936,0.0765687,-0.485039,-0.158635,-0.152598,-0.163515,0.23872,0.0428252,-0.0478948,0.0924374,0.300214,0.283287,0.294639,0.308406,0.175788,0.349403,0.331637,0.28364,0.325099,0,0,0,
0,0.0257708,0.134205,-0.0210455,0.185633,-0.43432,0.105647,-0.47592,0.0908256,-0.402287,-0.132398,0.397131,0.0847454,0.0732129,-0.445738,-0.15955,-0.207794,-0.145038,0.275015,0.0647849,-0.0517184,0.0899906,0.300724,0.28338,0.296648,0.311485,0.178817,0.342424,0.330315,0.283777,0.324427,0,0,0,
0,0.0266958,0.139652,-0.0225544,0.0790681,-0.436318,0.0977968,-0.416975,0.0807736,-0.465385,-0.119717,0.424726,0.107788,0.081211,-0.384346,-0.165214,-0.314911,-0.132923,0.342792,0.0843325,-0.0538344,0.0892982,0.302748,0.284972,0.300129,0.314803,0.180217,0.333212,0.329828,0.282664,0.325161,0,0,0,
0,0.0260689,0.144649,-0.0222933,0.0544028,-0.44013,0.095476,-0.362471,0.0843925,-0.383776,-0.129693,0.398343,0.121685,0.0818655,-0.342796,-0.170998,-0.363857,-0.137552,0.377895,0.104408,-0.054623,0.0920575,0.303514,0.285231,0.300977,0.31531,0.174826,0.3268,0.329709,0.282936,0.325763,0,0,0,
0,0.0243212,0.164583,-0.0218462,-0.0687741,-0.451409,0.0784277,-0.280188,0.0979437,-0.355301,-0.110517,0.364127,0.131162,0.0782551,-0.271435,-0.188154,-0.556582,-0.140467,0.517678,0.113975,-0.0612306,0.0907679,0.30555,0.287,0.303044,0.316399,0.170452,0.315062,0.329758,0.28229,0.326145,0,0,0,
0,0.0181273,0.185699,-0.0200207,-0.143241,-0.472839,0.0651396,-0.185428,0.116915,-0.407852,-0.0704091,0.398739,0.136433,0.0674392,-0.16124,-0.21079,-0.677587,-0.167766,0.625258,0.134216,-0.0745235,0.0914275,0.308617,0.289302,0.305177,0.319638,0.172993,0.298653,0.329964,0.28293,0.326683,0,0,0,
0,0.0141998,0.195523,-0.0191886,-0.169152,-0.48321,0.0592015,-0.129936,0.128967,-0.31628,-0.0580173,0.362325,0.143151,0.0639925,-0.11698,-0.219612,-0.717908,-0.180871,0.659074,0.160768,-0.08446,0.0902044,0.310507,0.290839,0.306035,0.320777,0.167623,0.290813,0.329586,0.282544,0.328683,0,0,0,
0,0.0060897,0.216873,-0.017856,-0.209962,-0.506149,0.0513389,-0.0261155,0.153631,-0.704165,-0.0255098,0.519368,0.12601,0.054011,-0.013048,-0.237806,-0.852076,-0.196991,0.749072,0.181526,-0.116114,0.0862028,0.314526,0.294729,0.309343,0.32251,0.163197,0.275314,0.330345,0.284062,0.331514,0,0,0,
0,0.00247942,0.226504,-0.0171035,-0.229545,-0.517706,0.0488436,0.0202709,0.165082,0.308064,-0.0171654,0.120159,0.11795,0.0565464,0.0264641,-0.245231,-0.899284,-0.201403,0.789078,0.184698,-0.133661,0.0922483,0.315282,0.296655,0.310309,0.322704,0.168193,0.268628,0.3305,0.284137,0.332969,0,0,0,
0,-0.00300865,0.24887,-0.0160604,-0.262652,-0.544294,0.051038,0.0786055,0.182855,1.20566,-0.0265542,-0.792476,0.0957616,0.0711438,0.0818666,-0.257775,-1.00389,-0.201029,0.877652,0.167529,-0.171049,0.0942302,0.318365,0.299402,0.31298,0.325787,0.173243,0.262583,0.33172,0.285852,0.334377,0,0,0,
0,-0.00891,0.267677,-0.0162317,-0.282166,-0.563717,0.0570709,0.116614,0.200755,1.20055,-0.020234,-1.11021,0.0453239,0.0760369,0.107137,-0.267426,-1.03505,-0.186843,0.922861,0.112023,-0.195848,0.0949425,0.318533,0.300526,0.313621,0.325643,0.174948,0.26264,0.333556,0.286366,0.334803,0,0,0,
0,-0.0104127,0.271629,-0.0164562,-0.292845,-0.568606,0.0598626,0.121488,0.209161,0.959725,-0.017821,-1.04762,0.0128507,0.0776985,0.106314,-0.26895,-1.02837,-0.174214,0.934039,0.07287,-0.202671,0.0986855,0.318473,0.300343,0.313956,0.32513,0.177261,0.264298,0.334599,0.286747,0.334948,0,0,0,
0,-0.0102105,0.273293,-0.0169715,-0.312276,-0.572917,0.061404,0.0965013,0.215264,0.399455,-0.0294194,-0.659029,-0.0412636,0.0815889,0.0827184,-0.263942,-0.961703,-0.148261,0.927705,-0.016897,-0.198281,0.0961417,0.316863,0.298752,0.312347,0.321638,0.183748,0.273584,0.333927,0.28537,0.332503,0,0,0,
0,-0.00774712,0.271478,-0.0171786,-0.324498,-0.575878,0.061266,0.0392172,0.205967,0.0667519,-0.0637337,-0.298513,-0.0740081,0.0872986,0.0171766,-0.249915,-0.687328,-0.133103,0.77766,-0.0817031,-0.171243,0.0987282,0.312787,0.295149,0.309085,0.317495,0.186252,0.283923,0.333135,0.283756,0.330053,0,0,0,
0,-0.00508605,0.270143,-0.0181948,-0.331588,-0.576099,0.0631859,-0.0111251,0.193216,-0.083524,-0.0754572,-0.149267,-0.0794514,0.0920674,-0.0425366,-0.235383,-0.587268,-0.118777,0.696452,-0.0986526,-0.159857,0.0938595,0.310877,0.294161,0.307789,0.315009,0.183982,0.289308,0.332484,0.283595,0.329042,0,0,0,
0,-0.00165497,0.265135,-0.0205184,-0.341781,-0.567698,0.0649902,-0.133279,0.157263,-0.321694,-0.122613,0.107365,-0.0699195,0.10231,-0.153865,-0.208025,-0.297379,-0.11775,0.475363,-0.121104,-0.139824,0.087712,0.308604,0.290397,0.303556,0.309378,0.187311,0.304094,0.331891,0.28118,0.327273,0,0,0,
0,-0.00119085,0.257243,-0.024327,-0.351093,-0.550374,0.0654065,-0.273721,0.126038,-0.448585,-0.174472,0.285481,-0.0662519,0.0969302,-0.313273,-0.172058,-0.00215382,-0.090816,0.207111,-0.139278,-0.116758,0.086695,0.300047,0.283602,0.296028,0.30356,0.203455,0.315523,0.329838,0.27899,0.323233,0,0,0,
0,-0.000816425,0.253337,-0.0248051,-0.358947,-0.540067,0.0623758,-0.358371,0.115659,-0.462665,-0.20322,0.334235,-0.101051,0.0900055,-0.351826,-0.162869,0.0367763,-0.130697,0.115488,-0.157412,-0.101918,0.103327,0.294446,0.277632,0.290798,0.295979,0.205919,0.325277,0.33015,0.276522,0.318784,0,0,0,
0,0.00317165,0.243319,-0.0240283,-0.385203,-0.511673,0.049209,-0.50477,0.110098,-0.470986,-0.237602,0.368628,-0.109353,0.0828,-0.51374,-0.15345,0.133093,-0.147338,-0.00160109,-0.163456,-0.0701463,0.0823585,0.292318,0.273916,0.288852,0.292916,0.204749,0.344955,0.327119,0.27543,0.316198,0,0,0,
0,0.00627972,0.230986,-0.0250223,-0.409459,-0.480164,0.0346645,-0.660676,0.124648,-0.395389,-0.283044,0.331786,-0.130509,0.0755828,-0.664554,-0.165641,0.10832,-0.166048,0.00268326,-0.166674,-0.03301,0.101581,0.288548,0.273302,0.283334,0.288282,0.209934,0.35926,0.329114,0.273542,0.317355,0,0,0,
0,0.00596004,0.222796,-0.0246116,-0.416147,-0.464386,0.0251704,-0.746199,0.134677,-0.376804,-0.283724,0.313771,-0.117106,0.074802,-0.712917,-0.170752,0.0792746,-0.187383,0.028754,-0.167312,-0.0142164,0.0930305,0.288624,0.274539,0.283838,0.287895,0.210358,0.363809,0.329256,0.274287,0.316297,0,0,0,
0,0.00426821,0.210701,-0.0225118,-0.426182,-0.438157,0.0038073,-0.850809,0.147582,-0.327901,-0.293627,0.294017,-0.102441,0.0742847,-0.816207,-0.185936,0.0172899,-0.226467,0.0970128,-0.141265,0.0182338,0.0916787,0.292679,0.278001,0.288041,0.291428,0.205923,0.374173,0.332594,0.276835,0.316974,0,0,0,
0,0.00346826,0.20412,-0.021167,-0.429785,-0.427131,-0.00527291,-0.89069,0.150688,-0.302529,-0.29727,0.288257,-0.0949561,0.0706296,-0.844224,-0.191225,-0.00909114,-0.241005,0.124976,-0.126188,0.0316352,0.0954937,0.294052,0.281092,0.289266,0.293329,0.201764,0.377424,0.335058,0.278465,0.316748,0,0,0,
0,0.00325063,0.192223,-0.019836,-0.438191,-0.407393,-0.0164037,-0.939807,0.156731,-0.229299,-0.302707,0.263833,-0.0592256,0.0637508,-0.879299,-0.206599,-0.076075,-0.283829,0.17874,-0.0825754,0.0543436,0.0940207,0.297825,0.284709,0.290446,0.296969,0.197583,0.383319,0.337438,0.279731,0.320665,0,0,0,
0,0.00355738,0.181835,-0.0200619,-0.442891,-0.391862,-0.0216915,-0.947845,0.160095,-0.171916,-0.293293,0.232732,-0.015317,0.0579167,-0.878543,-0.216192,-0.136333,-0.307068,0.222254,-0.0329053,0.0642274,0.0886352,0.300894,0.287002,0.29206,0.299142,0.190958,0.386246,0.338633,0.28215,0.324239,0,0,0,
0,0.00459172,0.178065,-0.0204958,-0.445124,-0.386321,-0.0228408,-0.940967,0.159427,-0.147397,-0.280318,0.216293,0.00843481,0.0543681,-0.864992,-0.219444,-0.168362,-0.310655,0.237712,-0.000381409,0.0660568,0.0848973,0.301492,0.287457,0.293064,0.300011,0.186122,0.385876,0.338525,0.282655,0.325223,0,0,0,
0,0.00700976,0.173757,-0.0211497,-0.448182,-0.379892,-0.0246181,-0.884762,0.152648,-0.112499,-0.233965,0.182659,0.0485959,0.0586666,-0.813064,-0.22265,-0.257975,-0.290023,0.27397,0.0550834,0.0635634,0.0918875,0.303944,0.289305,0.296349,0.302109,0.183758,0.382342,0.337538,0.282214,0.326533,0,0,0,
0,0.00948321,0.171867,-0.0207474,-0.449629,-0.376306,-0.0265869,-0.808109,0.141376,-0.117347,-0.178921,0.162835,0.126415,0.0608868,-0.727219,-0.212289,-0.351914,-0.249122,0.333311,0.102761,0.0390533,0.06968,0.303261,0.28813,0.296401,0.305864,0.178339,0.370572,0.334126,0.279025,0.324115,0,0,0,
0,0.0114646,0.169539,-0.0196647,-0.448961,-0.373266,-0.0291905,-0.729888,0.128951,-0.146733,-0.146111,0.178455,0.145058,0.0607435,-0.678365,-0.204133,-0.404005,-0.216974,0.379678,0.116928,0.0175722,0.0700881,0.302247,0.286449,0.295542,0.304785,0.177875,0.362337,0.331568,0.27715,0.324051,0,0,0,
0,0.0168205,0.165174,-0.0198093,-0.45086,-0.371926,-0.0307964,-0.567875,0.105318,-0.361719,-0.0810262,0.341883,0.183065,0.0467341,-0.532094,-0.184637,-0.535613,-0.145169,0.49937,0.163723,-0.0471229,0.0682042,0.301324,0.28428,0.293801,0.306355,0.162769,0.346179,0.331627,0.276556,0.323777,0,0,0,
0,0.0194622,0.165703,-0.019902,-0.449813,-0.378712,-0.0290548,-0.386477,0.0959624,-0.723558,-0.0637242,0.617414,0.218811,0.0368802,-0.392624,-0.173247,-0.892387,-0.0956792,0.711479,0.204408,-0.0960677,0.0746154,0.3023,0.284045,0.295011,0.308385,0.144803,0.316906,0.328667,0.273376,0.324515,0,0,0,
0,0.0199473,0.167583,-0.0201982,-0.448398,-0.382172,-0.0258658,-0.298856,0.0991777,-0.870145,-0.0605201,0.760001,0.238328,0.0367655,-0.330701,-0.170105,-1.20104,-0.106723,0.934057,0.217362,-0.128166,0.083149,0.304486,0.286124,0.297444,0.312616,0.156112,0.304802,0.327214,0.273415,0.323596,0,0,0,
0,0.021191,0.182666,-0.021148,-0.44153,-0.398023,-0.0170997,-0.128229,0.120248,-1.15938,-0.0810249,1.02371,0.236772,0.0266132,-0.173411,-0.176012,-1.47272,-0.122011,1.26442,0.205704,-0.189212,0.0879864,0.310981,0.291984,0.304599,0.318935,0.16502,0.285583,0.329176,0.275174,0.323918,0,0,0,
0,0.0251945,0.202151,-0.0241192,-0.435943,-0.424734,-0.00318587,0.0172114,0.163577,0.211036,-0.0767537,0.447102,0.237265,0.0565899,-0.0378155,-0.195669,-1.52209,-0.131056,1.38367,0.185642,-0.221885,0.091964,0.317191,0.300121,0.312271,0.325524,0.165051,0.270389,0.333167,0.280059,0.329656,0,0,0,
0,0.026366,0.210058,-0.0262156,-0.430213,-0.439204,0.00472047,0.0718552,0.185603,0.945372,-0.0865108,-0.276244,0.217316,0.101384,0.0142975,-0.204929,-1.54143,-0.143123,1.39971,0.174703,-0.232568,0.0888267,0.319648,0.301656,0.314982,0.326597,0.163757,0.264665,0.335491,0.28242,0.332349,0,0,0,
0,0.0270762,0.221295,-0.0288874,-0.415401,-0.456395,0.0139159,0.124734,0.212199,1.46545,-0.0885913,-1.18569,0.135419,0.158991,0.0868291,-0.223561,-1.5261,-0.137205,1.38447,0.126194,-0.242046,0.0917253,0.323457,0.306562,0.319172,0.327316,0.163033,0.262771,0.339052,0.28637,0.335724,0,0,0,
0,0.02628,0.224764,-0.0297213,-0.40677,-0.461025,0.0165752,0.143428,0.23186,1.48696,-0.0806502,-1.38162,0.0903918,0.16338,0.105659,-0.232004,-1.48991,-0.123072,1.36529,0.0802454,-0.240691,0.0905682,0.323184,0.307067,0.31859,0.326312,0.165892,0.264732,0.340166,0.287177,0.336429,0,0,0,
0,0.0232733,0.225444,-0.0296307,-0.388175,-0.461545,0.0186074,0.136173,0.260583,1.57818,-0.0455509,-1.60849,-0.00425981,0.135886,0.100613,-0.238092,-1.33248,-0.0803047,1.3169,-0.0197843,-0.226645,0.0956478,0.321309,0.305278,0.316585,0.321571,0.176853,0.272719,0.340373,0.286395,0.334337,0,0,0,
0,0.0213917,0.222186,-0.0276672,-0.368564,-0.456243,0.0169975,0.110358,0.269133,0.472476,-0.0415168,-0.968064,-0.0808137,0.0998449,0.0579339,-0.232639,-0.537107,-0.0586485,0.912744,-0.116942,-0.197865,0.0879985,0.318221,0.30175,0.314629,0.316895,0.183708,0.286519,0.338096,0.282782,0.331085,0,0,0,
0,0.0212688,0.219566,-0.0263917,-0.358386,-0.449496,0.0156065,0.0642475,0.264725,0.195789,-0.0503242,-0.681669,-0.106127,0.0926216,0.0150204,-0.225995,-0.215483,-0.0690439,0.674554,-0.148735,-0.184184,0.0867372,0.31809,0.300689,0.313655,0.314944,0.18748,0.290296,0.336754,0.280793,0.329532,0,0,0,
0,0.0205444,0.212278,-0.0222763,-0.32058,-0.4239,0.0124242,-0.0413028,0.242096,-0.115203,-0.109173,-0.311963,-0.131024,0.0846356,-0.0987305,-0.212502,0.178789,-0.128938,0.308142,-0.17207,-0.146711,0.0885836,0.315203,0.293612,0.309712,0.309491,0.196367,0.307536,0.333909,0.276817,0.326635,0,0,0,
0,0.0201068,0.199488,-0.0172257,-0.242712,-0.365318,0.0248904,-0.152957,0.21442,-0.26818,-0.154564,-0.11154,-0.165309,0.0619596,-0.21328,-0.201562,0.317348,-0.182302,0.0904169,-0.153672,-0.0989828,0.0889475,0.307081,0.285819,0.302317,0.305773,0.184279,0.321284,0.330154,0.274472,0.324318,0,0,0,
0,0.0190553,0.193164,-0.0155184,-0.199707,-0.329992,0.0365445,-0.227466,0.195623,-0.279501,-0.196701,-0.0545208,-0.153133,0.0636216,-0.294977,-0.194953,0.316345,-0.213593,0.0418816,-0.133756,-0.0816344,0.0844302,0.30374,0.281964,0.300399,0.303952,0.187761,0.327721,0.326541,0.27248,0.321755,0,0,0,
0,0.0183945,0.177221,-0.0137906,-0.12921,-0.263029,0.061999,-0.369894,0.157599,-0.341618,-0.23518,0.0375638,-0.137547,0.075712,-0.401379,-0.1834,0.30395,-0.248376,0.00103805,-0.11187,-0.0522773,0.0801693,0.301632,0.278132,0.294945,0.297925,0.183632,0.338734,0.329247,0.270601,0.316846,0,0,0,
0,0.0172868,0.158507,-0.011953,-0.0668403,-0.192595,0.0892399,-0.479377,0.128823,-0.34627,-0.283241,0.0974511,-0.129273,0.0855191,-0.502903,-0.177805,0.251108,-0.275722,0.0153038,-0.090883,-0.0304671,0.0845564,0.299537,0.274761,0.294336,0.300543,0.186644,0.349071,0.326693,0.270816,0.313943,0,0,0,
0,0.0155965,0.150088,-0.0108594,-0.0427298,-0.165789,0.0955562,-0.532835,0.122489,-0.333548,-0.307376,0.115438,-0.127268,0.0900639,-0.538922,-0.17769,0.220372,-0.286877,0.0363797,-0.0860606,-0.0221606,0.0873893,0.300041,0.27445,0.292331,0.29588,0.187794,0.355008,0.325587,0.271095,0.315526,0,0,0,
0,0.0136841,0.137078,-0.00877748,-0.0168922,-0.129419,0.097807,-0.601445,0.120713,-0.298508,-0.345543,0.140802,-0.10673,0.0985139,-0.604529,-0.182168,0.164009,-0.306225,0.0768649,-0.0571839,-0.0123053,0.0973318,0.301169,0.275092,0.292656,0.296525,0.185772,0.363062,0.329482,0.274642,0.319241,0,0,0,
0,0.0118274,0.12683,-0.00650706,-0.000983258,-0.110074,0.0906103,-0.65704,0.133361,-0.26736,-0.35056,0.151402,-0.0586438,0.10627,-0.64782,-0.185729,0.102923,-0.313793,0.10993,-0.0195872,-0.00115678,0.101167,0.30397,0.277411,0.293831,0.300208,0.18267,0.366992,0.330665,0.275711,0.322867,0,0,0,
0,0.0116097,0.122743,-0.0057308,0.00411475,-0.105813,0.0871949,-0.670164,0.138254,-0.256012,-0.344152,0.152685,-0.0374007,0.108117,-0.655322,-0.186634,0.0773876,-0.31306,0.124,-0.00335821,0.00264223,0.0999033,0.305247,0.278178,0.294873,0.302409,0.180505,0.369708,0.331352,0.276763,0.32416,0,0,0,
0,0.0124219,0.11614,-0.00438103,0.0113823,-0.102701,0.0816622,-0.675981,0.148275,-0.236637,-0.324029,0.150168,0.00702244,0.106534,-0.646129,-0.187488,0.0171845,-0.311251,0.15311,0.0293628,0.00687982,0.0977398,0.306541,0.279297,0.296277,0.305388,0.17829,0.369963,0.330694,0.276926,0.324031,0,0,0,
0,0.0124961,0.114201,-0.00377307,0.0159129,-0.104951,0.078905,-0.670644,0.151866,-0.237121,-0.300214,0.149863,0.0233883,0.105808,-0.633583,-0.187374,-0.020628,-0.300681,0.171721,0.046787,0.00459368,0.0960255,0.307384,0.279409,0.296917,0.306558,0.173302,0.369239,0.330403,0.276834,0.324989,0,0,0,
0,0.0137612,0.112242,-0.00369941,0.0210355,-0.110989,0.0760318,-0.632233,0.158131,-0.243982,-0.253383,0.154195,0.0581765,0.101624,-0.595232,-0.187454,-0.0886867,-0.277091,0.204889,0.0778719,-0.000275603,0.0982978,0.305446,0.279978,0.295656,0.305787,0.172738,0.365126,0.330148,0.275724,0.323744,0,0,0,
0,0.0155729,0.113012,-0.0041701,0.024769,-0.120408,0.0723481,-0.578947,0.163809,-0.256606,-0.205521,0.165599,0.104811,0.0899126,-0.543491,-0.184023,-0.15742,-0.248965,0.234465,0.0990238,-0.00591685,0.0873558,0.303858,0.280597,0.295464,0.306193,0.172272,0.35924,0.329262,0.274511,0.323197,0,0,0,
0,0.0158662,0.114869,-0.00446976,0.0263085,-0.126973,0.0702674,-0.54761,0.163156,-0.286535,-0.176604,0.186461,0.112959,0.0864379,-0.512108,-0.180558,-0.201334,-0.229623,0.249597,0.0992611,-0.0106404,0.0841444,0.304196,0.280806,0.294958,0.306476,0.173778,0.35583,0.328625,0.273778,0.323105,0,0,0,
0,0.0160931,0.119837,-0.00553019,0.0271678,-0.139027,0.0655974,-0.454564,0.158898,-0.353153,-0.136274,0.235669,0.115184,0.0981737,-0.463386,-0.171834,-0.289283,-0.186426,0.286598,0.114381,-0.0273511,0.0947421,0.305276,0.283977,0.297601,0.310335,0.161458,0.345379,0.327424,0.273851,0.323037,0,0,0,
0,0.0179601,0.125606,-0.00586711,0.023938,-0.150871,0.0589469,-0.361697,0.16168,-0.415431,-0.11431,0.275545,0.120971,0.10832,-0.40555,-0.157367,-0.343147,-0.142122,0.341728,0.103844,-0.0641251,0.098181,0.306327,0.287149,0.299844,0.311942,0.166781,0.338513,0.329327,0.274859,0.323529,0,0,0,
0,0.0196759,0.127309,-0.00620861,0.0202813,-0.156065,0.0545561,-0.32077,0.166058,-0.442504,-0.102519,0.303632,0.128029,0.10753,-0.383885,-0.152205,-0.333807,-0.139172,0.354916,0.103818,-0.0826008,0.101247,0.307659,0.289492,0.301411,0.313951,0.166645,0.334995,0.329536,0.274489,0.323804,0,0,0,
0,0.0232326,0.132286,-0.00681839,0.00733298,-0.166231,0.0401276,-0.236013,0.174092,-0.563362,-0.0771179,0.411952,0.112755,0.098482,-0.340996,-0.14996,-0.36941,-0.072199,0.380584,0.0855339,-0.0975559,0.105691,0.310907,0.292532,0.304319,0.315101,0.166142,0.329392,0.330764,0.276084,0.324843,0,0,0,
0,0.0292221,0.136173,-0.00831084,-0.0149924,-0.17803,0.0237205,-0.168155,0.17937,-0.689745,-0.0594976,0.533547,0.072463,0.0870823,-0.295101,-0.155702,-0.440082,-0.0479572,0.42885,0.0533578,-0.0966486,0.110111,0.313396,0.295085,0.306856,0.316737,0.172488,0.324039,0.332064,0.277564,0.32544,0,0,0,
0,0.0310741,0.137482,-0.00927968,-0.0280267,-0.18298,0.0165753,-0.13697,0.182681,-0.621852,-0.0545308,0.520083,0.0495781,0.0851255,-0.27264,-0.158549,-0.610787,-0.0411455,0.525521,0.0305834,-0.0965903,0.111114,0.31395,0.295775,0.307902,0.317081,0.173445,0.322834,0.332511,0.27804,0.325849,0,0,0,
0,0.0327766,0.137126,-0.0123951,-0.0617368,-0.188505,0.0023115,-0.0906481,0.191892,-0.429059,-0.0532346,0.384971,0.00627194,0.0837781,-0.224785,-0.161626,-0.690758,-0.0463661,0.666759,0.0259841,-0.0942079,0.111106,0.31485,0.296813,0.30938,0.317384,0.172831,0.318722,0.333797,0.281281,0.328086,0,0,0,
0,0.0343398,0.135909,-0.0144686,-0.0825857,-0.188812,-0.00618009,-0.0776037,0.197105,-0.329818,-0.0579314,0.289214,-0.0119488,0.0845621,-0.211354,-0.162836,-0.726575,-0.0500531,0.712874,0.0274247,-0.0942192,0.112253,0.315166,0.297146,0.309827,0.317591,0.172797,0.317283,0.33439,0.282224,0.328685,0,0,0,
0,0.0344882,0.131796,-0.0175268,-0.111357,-0.182919,-0.0196649,-0.0653923,0.208525,-0.195344,-0.073882,0.119257,-0.0384903,0.0839372,-0.169683,-0.159189,-0.697601,-0.0583422,0.730694,0.0136888,-0.0978614,0.113983,0.315186,0.296978,0.31007,0.317325,0.172409,0.315587,0.334764,0.282791,0.329086,0,0,0,
0,0.0343424,0.126989,-0.0196324,-0.1299,-0.167002,-0.030305,-0.0717623,0.212362,-0.14018,-0.0915825,0.0193213,-0.057479,0.0806854,-0.147596,-0.151236,-0.590432,-0.0621326,0.661755,-0.00653841,-0.104619,0.113453,0.314202,0.296382,0.309298,0.316312,0.172717,0.315879,0.334924,0.28254,0.328691,0,0,0,
0,0.0334987,0.12448,-0.0206181,-0.134888,-0.161449,-0.0327895,-0.0785609,0.211692,-0.12336,-0.104615,-0.00967243,-0.0673886,0.0777919,-0.145254,-0.148599,-0.522184,-0.0646825,0.606103,-0.0165083,-0.106728,0.114844,0.314004,0.295971,0.307823,0.315249,0.173299,0.31688,0.334872,0.282483,0.328298,0,0,0,
0,0.0322314,0.117848,-0.021194,-0.141251,-0.141062,-0.0405238,-0.1028,0.203432,-0.123282,-0.121899,-0.0277912,-0.0795408,0.074005,-0.156452,-0.143958,-0.40016,-0.0700887,0.489209,-0.0354901,-0.105404,0.116912,0.313519,0.294793,0.307249,0.313705,0.175097,0.321125,0.334912,0.282846,0.32874,0,0,0,
0,0.031655,0.111879,-0.0213827,-0.150553,-0.121078,-0.0506341,-0.137975,0.189123,-0.103215,-0.148239,-0.023761,-0.0771073,0.0737545,-0.179182,-0.139184,-0.309467,-0.0770867,0.388897,-0.0508938,-0.100413,0.114967,0.311409,0.293154,0.305111,0.311741,0.180378,0.324976,0.334417,0.28241,0.328051,0,0,0,
0,0.0309654,0.110303,-0.0214661,-0.156073,-0.111647,-0.0558576,-0.160133,0.180165,-0.115778,-0.153072,-0.00584063,-0.0783797,0.0742225,-0.198064,-0.13513,-0.282031,-0.0696818,0.356137,-0.0628547,-0.0980811,0.115237,0.310719,0.291966,0.303271,0.310029,0.179314,0.327858,0.334502,0.282568,0.3284,0,0,0,
0,0.0291377,0.107118,-0.0221179,-0.160049,-0.0975378,-0.0609166,-0.20999,0.16043,-0.146212,-0.162887,0.0369903,-0.0678548,0.0796934,-0.241089,-0.124869,-0.166821,-0.0935985,0.266013,-0.0640698,-0.0969546,0.114098,0.309408,0.291185,0.301889,0.310869,0.183323,0.333345,0.334615,0.281623,0.328,0,0,0,
0,0.0260355,0.10646,-0.0226335,-0.148848,-0.0908243,-0.0572238,-0.26492,0.140429,-0.183192,-0.171668,0.0932609,-0.0595173,0.0835303,-0.283465,-0.115885,-0.0727567,-0.117231,0.178151,-0.0555545,-0.0943622,0.113173,0.306889,0.288997,0.30009,0.309585,0.182329,0.338346,0.335032,0.281973,0.327927,0,0,0,
0,0.02388,0.108394,-0.0231329,-0.135618,-0.0924806,-0.0518498,-0.289567,0.134445,-0.197345,-0.175669,0.114176,-0.0571663,0.0849651,-0.30677,-0.111951,-0.0362694,-0.115232,0.141928,-0.0562278,-0.0909606,0.113061,0.305587,0.287796,0.299976,0.308722,0.183888,0.340232,0.335043,0.281746,0.327197,0,0,0,
0,0.0200321,0.114165,-0.0244921,-0.0952644,-0.105581,-0.0355526,-0.344186,0.120121,-0.264718,-0.172825,0.175241,-0.0547514,0.0814236,-0.356461,-0.10622,0.0334076,-0.128815,0.0738253,-0.0416106,-0.0828059,0.110907,0.304328,0.287119,0.299481,0.308146,0.184688,0.344255,0.335645,0.282291,0.327494,0,0,0,
0,0.0179875,0.124356,-0.0270244,-0.00493584,-0.138868,-0.0055066,-0.388667,0.110452,-0.240578,-0.186249,0.191229,-0.0444358,0.0835655,-0.399361,-0.0976939,0.0720317,-0.135058,0.0230425,-0.0238089,-0.0721283,0.109984,0.303604,0.285541,0.298537,0.307805,0.183883,0.346465,0.335797,0.282633,0.326507,0,0,0,
0,0.0183289,0.129291,-0.0280575,0.0328503,-0.155739,0.00600716,-0.404022,0.107071,-0.238927,-0.188649,0.194594,-0.0380961,0.0844241,-0.412434,-0.0957934,0.076603,-0.134878,0.00983864,-0.0155718,-0.0689072,0.109449,0.303387,0.285345,0.298514,0.307669,0.183446,0.3471,0.335845,0.283175,0.327005,0,0,0,
0,0.0196489,0.144349,-0.0314185,0.113144,-0.198838,0.0272542,-0.431651,0.102453,-0.222289,-0.193959,0.185054,-0.0234506,0.0864352,-0.432282,-0.0939787,0.0719973,-0.135792,0.00357713,-0.00323958,-0.0637441,0.108928,0.303145,0.285078,0.298376,0.308434,0.182085,0.346842,0.336262,0.283779,0.327531,0,0,0,
0,0.0213505,0.156942,-0.034834,0.179294,-0.233599,0.0434805,-0.442513,0.0992322,-0.216045,-0.191192,0.178428,-0.00491989,0.0877925,-0.435015,-0.0922647,0.0456033,-0.131407,0.0135721,0.0120548,-0.0628372,0.107406,0.303982,0.285792,0.299095,0.309489,0.180253,0.3448,0.336197,0.283662,0.327655,0,0,0,
0,0.0210488,0.162593,-0.0366609,0.212404,-0.247542,0.0521751,-0.443122,0.0989926,-0.218685,-0.185308,0.177857,0.00271579,0.0893468,-0.43291,-0.0915836,0.0302575,-0.129368,0.0206743,0.0192052,-0.0637906,0.108257,0.304289,0.286126,0.299308,0.310073,0.180914,0.343402,0.336089,0.283478,0.327722,0,0,0,
0,0.0218116,0.173156,-0.0392082,0.2716,-0.268485,0.0651675,-0.434692,0.100075,-0.23043,-0.168598,0.184848,0.0208705,0.0916233,-0.421681,-0.0928488,-0.0118849,-0.1114,0.0413715,0.0293659,-0.0693614,0.107339,0.305145,0.286616,0.299566,0.311636,0.18099,0.339384,0.336065,0.283299,0.327611,0,0,0,
0,0.0224006,0.177705,-0.0398564,0.294091,-0.275289,0.068596,-0.422422,0.102415,-0.230714,-0.16057,0.187663,0.03108,0.0934426,-0.413485,-0.0937239,-0.0318187,-0.102297,0.0511044,0.0366903,-0.0738263,0.109837,0.306395,0.287624,0.300174,0.313774,0.178235,0.336867,0.336209,0.283877,0.328419,0,0,0,
0,0.0240171,0.187448,-0.0405417,0.336215,-0.2871,0.0714273,-0.398689,0.108133,-0.206627,-0.155338,0.183302,0.05517,0.0937795,-0.38483,-0.0984684,-0.0957457,-0.0881881,0.0863657,0.0410075,-0.084035,0.112649,0.30807,0.288752,0.301274,0.315099,0.176117,0.331928,0.336542,0.284133,0.328826,0,0,0,
0,0.0269611,0.197306,-0.0409559,0.374266,-0.29889,0.0725034,-0.359469,0.11419,-0.244691,-0.117639,0.210096,0.0543024,0.0907025,-0.363601,-0.104807,-0.150419,-0.0770326,0.132417,0.0427678,-0.0936139,0.112439,0.309877,0.290536,0.302497,0.315551,0.179297,0.326992,0.336867,0.284918,0.32885,0,0,0,
0,0.0272297,0.201306,-0.040998,0.394339,-0.304041,0.0737636,-0.334022,0.118564,-0.233118,-0.110381,0.210647,0.0546855,0.0912594,-0.346209,-0.109459,-0.168941,-0.088429,0.148415,0.0515366,-0.0985152,0.1116,0.311091,0.291548,0.303753,0.316521,0.177864,0.325159,0.337195,0.285716,0.329621,0,0,0,
0,0.0285638,0.208561,-0.0405089,0.424416,-0.312663,0.0742274,-0.29533,0.126918,-0.261945,-0.0866166,0.231721,0.038177,0.0896594,-0.320092,-0.119179,-0.299706,-0.0581053,0.24004,0.0294668,-0.103447,0.113163,0.312962,0.292739,0.304812,0.317532,0.17803,0.321653,0.337703,0.28648,0.329534,0,0,0,
0,0.0298021,0.21286,-0.0400021,0.444938,-0.31738,0.0746985,-0.256361,0.139842,-0.221954,-0.0774209,0.211337,0.0300165,0.0909946,-0.302425,-0.126511,-0.375309,-0.0540829,0.322568,0.012221,-0.107548,0.113413,0.314414,0.293886,0.305991,0.318713,0.176462,0.319904,0.338475,0.28684,0.330068,0,0,0,
0,0.03023,0.21429,-0.0396173,0.45247,-0.319049,0.074303,-0.239917,0.146211,-0.23506,-0.0708263,0.204955,0.0201546,0.0899167,-0.295438,-0.130017,-0.39486,-0.0514536,0.351224,0.00471779,-0.110262,0.115485,0.31473,0.294367,0.306501,0.318482,0.178069,0.319063,0.338715,0.287026,0.330182,0,0,0,
0,0.0310123,0.216652,-0.038512,0.464625,-0.32074,0.0726242,-0.215086,0.156551,-0.198825,-0.0679373,0.172103,0.000213634,0.0898512,-0.287516,-0.135411,-0.383236,-0.0539,0.370905,-0.0119373,-0.112183,0.117504,0.315549,0.295192,0.306991,0.318716,0.18065,0.31946,0.338977,0.287269,0.330351,0,0,0,
0,0.0321504,0.218324,-0.0373376,0.474541,-0.321368,0.0707296,-0.205013,0.163104,-0.17239,-0.0715641,0.139331,-0.0198515,0.0875001,-0.289833,-0.138757,-0.342868,-0.0620841,0.352258,-0.0262538,-0.109116,0.118924,0.315162,0.294987,0.306508,0.318329,0.180753,0.321133,0.338991,0.287207,0.330086,0,0,0,
0,0.0326363,0.217664,-0.0367192,0.4783,-0.320731,0.0704951,-0.205048,0.164903,-0.161094,-0.0749001,0.124679,-0.031414,0.0863261,-0.293476,-0.139329,-0.337793,-0.06211,0.345863,-0.0355346,-0.105487,0.117898,0.31474,0.294519,0.305943,0.31773,0.182618,0.322548,0.338791,0.287193,0.329957,0,0,0,
0,0.0349068,0.216915,-0.0355654,0.48234,-0.319424,0.0709369,-0.213344,0.163618,-0.145308,-0.0872173,0.101666,-0.0520123,0.0842987,-0.303094,-0.138007,-0.280093,-0.079522,0.309848,-0.0440291,-0.0988608,0.118648,0.313587,0.293167,0.30435,0.316226,0.184726,0.325935,0.338188,0.28668,0.328984,0,0,0,
0,0.0365554,0.211735,-0.0340624,0.483655,-0.314578,0.0733557,-0.234065,0.157996,-0.130881,-0.109542,0.0847218,-0.0644037,0.0817807,-0.319969,-0.132529,-0.226868,-0.0938678,0.274245,-0.0452033,-0.0928709,0.120881,0.312681,0.292068,0.302875,0.314841,0.183884,0.330107,0.338126,0.287554,0.328259,0,0,0,
0,0.0365449,0.208051,-0.0327614,0.486422,-0.310985,0.0738185,-0.248362,0.153718,-0.134561,-0.116653,0.0839583,-0.0686236,0.0802231,-0.329096,-0.129527,-0.202611,-0.0996144,0.252787,-0.042416,-0.0886794,0.120921,0.312158,0.291688,0.302415,0.313931,0.183332,0.332838,0.338351,0.287924,0.328894,0,0,0,
0,0.0355483,0.199014,-0.0303515,0.491394,-0.304919,0.0743029,-0.280487,0.141343,-0.131883,-0.130923,0.093902,-0.0660669,0.0777031,-0.342027,-0.12427,-0.188268,-0.108609,0.22762,-0.0411214,-0.0782628,0.122046,0.310542,0.291228,0.300881,0.312471,0.184219,0.336226,0.338911,0.288393,0.329824,0,0,0,
0,0.0359021,0.192215,-0.0291729,0.491614,-0.30132,0.0759268,-0.295536,0.133123,-0.138719,-0.131515,0.109777,-0.0622138,0.0773218,-0.347172,-0.121049,-0.184379,-0.117421,0.221893,-0.0369255,-0.0734645,0.121236,0.309851,0.290953,0.300687,0.311876,0.185341,0.337883,0.338593,0.287651,0.32967,0,0,0,
0,0.037441,0.174541,-0.0269476,0.49187,-0.287267,0.0776207,-0.325849,0.11146,-0.138046,-0.136362,0.143886,-0.0552511,0.0761917,-0.352804,-0.115347,-0.186716,-0.125342,0.219679,-0.0267868,-0.0646582,0.12129,0.309252,0.290209,0.29966,0.310892,0.184553,0.340465,0.337846,0.287438,0.328119,0,0,0,
0,0.0369467,0.15329,-0.0246406,0.493966,-0.265911,0.0811604,-0.353523,0.0889317,-0.178524,-0.132863,0.193552,-0.0533762,0.074899,-0.351655,-0.11141,-0.206076,-0.129267,0.231243,-0.0154414,-0.058614,0.119039,0.308056,0.288081,0.29807,0.310088,0.184357,0.342507,0.338097,0.287834,0.327864,0,0,0,
0,0.0361286,0.144541,-0.023797,0.49594,-0.258077,0.0821815,-0.363265,0.0796032,-0.166347,-0.139694,0.201199,-0.0497027,0.0750019,-0.351247,-0.11014,-0.218487,-0.130152,0.238774,-0.0093584,-0.0569382,0.119642,0.307734,0.288014,0.297785,0.310051,0.183535,0.342843,0.338142,0.287701,0.327976,0,0,0,
0,0.0359448,0.128325,-0.0210488,0.500818,-0.245787,0.0846051,-0.378345,0.0654123,-0.157472,-0.143837,0.208009,-0.041088,0.0731445,-0.343966,-0.108972,-0.251468,-0.128152,0.260085,0.0043212,-0.0569556,0.117928,0.308185,0.289932,0.300005,0.310662,0.182147,0.342695,0.338093,0.287292,0.327946,0,0,0,
0,0.0357246,0.120616,-0.0189774,0.508441,-0.247666,0.0842286,-0.387978,0.0566331,-0.126156,-0.146689,0.1998,-0.029915,0.0703093,-0.336584,-0.107634,-0.283184,-0.12394,0.281572,0.0142359,-0.0592815,0.116092,0.308327,0.289769,0.300329,0.311196,0.18218,0.341574,0.338094,0.287039,0.327665,0,0,0,
0,0.0355814,0.116854,-0.0182895,0.512419,-0.251876,0.0838856,-0.388301,0.054325,-0.103976,-0.146329,0.186355,-0.0208784,0.0716896,-0.332047,-0.106957,-0.301104,-0.119258,0.292863,0.0184407,-0.0613692,0.114578,0.308832,0.289961,0.300682,0.311992,0.181184,0.341069,0.338122,0.287225,0.327912,0,0,0,
0,0.0338538,0.110385,-0.0173677,0.519154,-0.258937,0.0820121,-0.382247,0.0524952,-0.0900432,-0.139093,0.169808,-0.00048453,0.0767665,-0.321331,-0.106303,-0.342494,-0.109873,0.321725,0.0210062,-0.0642526,0.11465,0.309456,0.29033,0.301236,0.313193,0.180781,0.339221,0.338173,0.287101,0.328149,0,0,0,
0,0.0311454,0.110201,-0.0163299,0.526228,-0.267202,0.0738474,-0.371354,0.0528636,-0.113845,-0.123913,0.184542,0.017905,0.0808961,-0.314471,-0.105906,-0.378447,-0.10177,0.350252,0.0203619,-0.0668477,0.113557,0.309848,0.290708,0.301555,0.313938,0.180497,0.337936,0.338371,0.287237,0.328095,0,0,0,
0,0.0296968,0.111616,-0.0158766,0.529752,-0.271642,0.0679292,-0.364674,0.0534648,-0.133188,-0.116914,0.203647,0.025807,0.0816591,-0.313188,-0.105398,-0.395046,-0.0964733,0.36292,0.02009,-0.0681025,0.113148,0.309987,0.290204,0.301621,0.313942,0.180131,0.33738,0.338491,0.287152,0.327977,0,0,0,
0,0.0293026,0.114762,-0.0144708,0.538367,-0.280795,0.0525546,-0.346924,0.0561269,-0.228554,-0.0939007,0.280948,0.0392963,0.0827857,-0.313264,-0.10154,-0.437057,-0.0830429,0.390265,0.0221243,-0.0719528,0.116076,0.310518,0.290635,0.301913,0.313754,0.179893,0.335165,0.338719,0.287545,0.328209,0,0,0,
0,0.029354,0.117213,-0.0129534,0.547795,-0.288331,0.0361162,-0.323408,0.0623084,-0.310676,-0.080718,0.367998,0.0456517,0.0844082,-0.310783,-0.0964712,-0.462967,-0.0706155,0.415588,0.0173132,-0.0741314,0.116238,0.31135,0.290969,0.302599,0.31475,0.181082,0.333615,0.338921,0.287948,0.328384,0,0,0,
0,0.0300568,0.118881,-0.012576,0.551248,-0.294053,0.0273828,-0.310422,0.066928,-0.381048,-0.0750783,0.421536,0.043523,0.0836304,-0.309305,-0.0958628,-0.471592,-0.0671954,0.424935,0.0135435,-0.0737257,0.116761,0.311677,0.291289,0.303225,0.315075,0.181314,0.333362,0.339001,0.28815,0.328432,0,0,0,
0,0.0310438,0.122644,-0.0123085,0.552819,-0.309867,0.0129011,-0.286814,0.0797892,-0.398778,-0.0697219,0.467776,0.029714,0.0831968,-0.306991,-0.097801,-0.496324,-0.0671459,0.443314,0.00838159,-0.0706261,0.118643,0.31237,0.291897,0.304069,0.315501,0.181318,0.333055,0.339332,0.288522,0.328679,0,0,0,
0,0.0313417,0.124067,-0.0126062,0.550458,-0.317348,0.0074561,-0.277079,0.0870134,-0.378939,-0.0677744,0.459676,0.0214906,0.081929,-0.305166,-0.0991602,-0.512975,-0.0690994,0.454711,0.00784396,-0.0694368,0.119292,0.312701,0.292083,0.30443,0.315445,0.181102,0.332783,0.339354,0.288686,0.328857,0,0,0,
0,0.0320244,0.128266,-0.0135604,0.527758,-0.338133,-0.0121017,-0.262609,0.0980302,-0.306323,-0.0660146,0.401796,0.0086458,0.0798409,-0.305078,-0.100285,-0.538778,-0.0719799,0.479363,0.00882226,-0.0698124,0.119421,0.312971,0.292499,0.304979,0.315585,0.180797,0.331913,0.339317,0.288721,0.329046,0,0,0,
0,0.0338543,0.133076,-0.0146295,0.481718,-0.35321,-0.0378792,-0.2522,0.10509,-0.240605,-0.0675032,0.325629,-0.00581734,0.0803097,-0.304247,-0.0997256,-0.542148,-0.0726952,0.496633,0.00806054,-0.070609,0.119651,0.313154,0.292767,0.305569,0.315783,0.181112,0.331174,0.339372,0.288773,0.329004,0,0,0,
0,0.0362571,0.134802,-0.0152999,0.446903,-0.354128,-0.0486677,-0.24925,0.10753,-0.208669,-0.0697871,0.287945,-0.0129693,0.0797785,-0.302636,-0.099886,-0.541653,-0.0734451,0.501945,0.00739447,-0.0704584,0.119926,0.313174,0.292835,0.305824,0.315779,0.181163,0.331112,0.339406,0.28881,0.328873,0,0,0,
0,0.0385752,0.13336,-0.0167423,0.357258,-0.336634,-0.063275,-0.242603,0.113256,-0.141487,-0.0757468,0.20966,-0.0246834,0.0760755,-0.294916,-0.10048,-0.551298,-0.0766396,0.510404,0.00633068,-0.0686774,0.11989,0.31302,0.293215,0.306324,0.315722,0.181408,0.331006,0.339519,0.289242,0.329251,0,0,0,
0,0.0394329,0.129242,-0.0184968,0.245749,-0.29961,-0.0686794,-0.237737,0.118238,-0.0624243,-0.0855236,0.125642,-0.0329743,0.0698199,-0.287138,-0.101952,-0.571948,-0.0831967,0.525777,0.00664093,-0.0665613,0.120389,0.312672,0.292559,0.306252,0.315013,0.181126,0.331099,0.339683,0.289464,0.329267,0,0,0,
0,0.0399193,0.126509,-0.0195171,0.184662,-0.274504,-0.067384,-0.235986,0.119707,-0.0272047,-0.0894458,0.0881779,-0.0334211,0.0672992,-0.282702,-0.101661,-0.580776,-0.0862958,0.534512,0.00721822,-0.0668635,0.120632,0.312961,0.292736,0.306271,0.314977,0.181104,0.331234,0.339778,0.289619,0.329433,0,0,0,
0,0.0393718,0.122208,-0.0203758,0.0926624,-0.23163,-0.0618766,-0.235363,0.117704,0.0283036,-0.0951953,0.0299808,-0.029854,0.0640174,-0.276887,-0.100499,-0.588385,-0.0903375,0.54521,0.00882661,-0.0687677,0.121193,0.312844,0.292466,0.305904,0.314546,0.18125,0.331103,0.339689,0.289394,0.329522,0,0,0,
0,0.0385494,0.119972,-0.020858,0.0173183,-0.192722,-0.0542352,-0.236822,0.110286,0.0371933,-0.095935,0.00691837,-0.0278291,0.0643559,-0.274342,-0.0983256,-0.585857,-0.0913707,0.547481,0.00868757,-0.0701416,0.122095,0.312688,0.292409,0.306028,0.314383,0.181494,0.331376,0.339766,0.289663,0.329642,0,0,0,
0,0.038214,0.118829,-0.0209401,-0.0113766,-0.17618,-0.0514542,-0.236489,0.107094,0.0418147,-0.0970358,0.00256246,-0.0288065,0.0641519,-0.273576,-0.0980467,-0.587083,-0.0914661,0.548269,0.00768855,-0.0690575,0.12223,0.312792,0.292397,0.306123,0.314708,0.181774,0.331481,0.339714,0.289698,0.329568,0,0,0,
0,0.0368194,0.114937,-0.0200315,-0.0396577,-0.152821,-0.0494023,-0.232845,0.103911,0.0553495,-0.0994858,-0.00739493,-0.0320642,0.0632448,-0.27071,-0.0982282,-0.591586,-0.0946065,0.549796,0.00870411,-0.0675104,0.122766,0.312911,0.292429,0.305841,0.314463,0.181566,0.331756,0.339732,0.289859,0.329658,0,0,0,
0,0.0340428,0.111746,-0.0185392,-0.055552,-0.129841,-0.0483206,-0.231176,0.102449,0.0832146,-0.104218,-0.0260817,-0.0307254,0.0630401,-0.270145,-0.0984121,-0.59915,-0.0969212,0.551729,0.0123199,-0.0670729,0.122763,0.313324,0.292744,0.306117,0.314509,0.181486,0.331589,0.339589,0.289947,0.329416,0,0,0,
0,0.0329306,0.111508,-0.0177939,-0.0582241,-0.123951,-0.0478996,-0.232348,0.10054,0.0956622,-0.106111,-0.0337917,-0.0283476,0.0639465,-0.271368,-0.097669,-0.601323,-0.0963919,0.55201,0.0140572,-0.0676272,0.122803,0.31347,0.292856,0.306222,0.314494,0.18157,0.331452,0.339624,0.290011,0.329317,0,0,0,
0,0.0306141,0.112294,-0.0165144,-0.0597294,-0.114085,-0.0470284,-0.237409,0.0894336,0.0778993,-0.103831,-0.0217626,-0.0221514,0.0676185,-0.273561,-0.0942066,-0.602906,-0.0913309,0.551504,0.015932,-0.0684403,0.123302,0.313578,0.292849,0.306018,0.314269,0.181659,0.331013,0.339745,0.290087,0.329305,0,0,0,
0,0.0297916,0.112685,-0.0161175,-0.0599915,-0.108369,-0.0462527,-0.239339,0.0838619,0.0583633,-0.101657,-0.00605817,-0.0214026,0.0702688,-0.273504,-0.093407,-0.604279,-0.0891543,0.552019,0.0153128,-0.0678235,0.123513,0.3136,0.29292,0.30595,0.314255,0.181712,0.33091,0.339776,0.290113,0.32929,0,0,0,
0,0.0284057,0.112711,-0.0158656,-0.0581611,-0.096001,-0.0434883,-0.241716,0.0756142,0.0145134,-0.100358,0.0333165,-0.0237557,0.0736838,-0.272251,-0.0930711,-0.611675,-0.0887857,0.55617,0.014629,-0.0660986,0.124387,0.313507,0.292941,0.305772,0.314224,0.18151,0.330635,0.339525,0.290051,0.329299,0,0,0,
0,0.0277201,0.11108,-0.0151496,-0.054407,-0.0814511,-0.0424101,-0.242503,0.0714991,0.00237256,-0.1031,0.0562099,-0.0265159,0.0734407,-0.270649,-0.094299,-0.61997,-0.0889441,0.562912,0.0152206,-0.0657921,0.125267,0.313706,0.292797,0.305829,0.314185,0.181337,0.330514,0.339435,0.290029,0.329329,0,0,0,
0,0.0270205,0.110252,-0.0147687,-0.0520655,-0.0754218,-0.0416945,-0.242642,0.0703135,0.00254601,-0.10487,0.060176,-0.0275835,0.0730097,-0.270022,-0.0944484,-0.622706,-0.0887854,0.565215,0.0155874,-0.0660913,0.12571,0.313661,0.292712,0.306104,0.314209,0.18113,0.330548,0.339513,0.290117,0.329408,0,0,0,
0,0.0267059,0.110205,-0.0139679,-0.0473945,-0.0709379,-0.0401266,-0.242975,0.0682922,0.00464116,-0.10851,0.0613537,-0.0276518,0.0722946,-0.269309,-0.0948425,-0.623194,-0.0881605,0.568492,0.0146379,-0.0666259,0.126341,0.313605,0.292602,0.306519,0.314305,0.181148,0.33059,0.339668,0.290288,0.329567,0,0,0,
0,0.0264582,0.112536,-0.0132379,-0.0429029,-0.0734146,-0.0380733,-0.243921,0.067754,0.00948154,-0.111563,0.0582454,-0.0257904,0.0722286,-0.270084,-0.0950495,-0.614714,-0.0888708,0.564314,0.0133301,-0.0665356,0.12686,0.313743,0.292793,0.306798,0.314487,0.180998,0.330659,0.339828,0.290605,0.32976,0,0,0,
0,0.0266371,0.113778,-0.0132879,-0.0418703,-0.0756865,-0.037729,-0.244422,0.0677094,0.00972394,-0.111833,0.0580394,-0.0240801,0.0722256,-0.270779,-0.0951092,-0.610529,-0.089228,0.561277,0.0130055,-0.0663529,0.127365,0.313687,0.292705,0.306725,0.314519,0.180938,0.330688,0.339819,0.290706,0.329796,0,0,0,
0,0.0264547,0.115413,-0.0134068,-0.0399732,-0.0789773,-0.0378829,-0.243383,0.0684549,0.00845188,-0.109689,0.0588975,-0.0210075,0.0733314,-0.271412,-0.0940507,-0.6039,-0.0892907,0.554119,0.0128808,-0.0659251,0.127641,0.314025,0.292919,0.30683,0.314635,0.18081,0.330693,0.339727,0.29083,0.329778,0,0,0,
0,0.0258837,0.11689,-0.0134195,-0.038694,-0.0827538,-0.0378495,-0.241954,0.068391,-0.00124943,-0.106058,0.0669579,-0.019484,0.0744584,-0.27232,-0.0925587,-0.59885,-0.0888481,0.547842,0.0127014,-0.0663201,0.128188,0.314127,0.293049,0.306719,0.314533,0.180743,0.33062,0.339673,0.290874,0.329791,0,0,0,
0,0.0256005,0.117398,-0.0134686,-0.0384133,-0.0838534,-0.0376897,-0.241104,0.0684671,-0.00895358,-0.104183,0.07299,-0.0194208,0.0756145,-0.272623,-0.0922898,-0.597387,-0.088526,0.545772,0.0123421,-0.066403,0.12832,0.314238,0.293151,0.306823,0.314456,0.180764,0.33061,0.33966,0.290879,0.329762,0,0,0,
0,0.024213,0.116925,-0.0131706,-0.0377852,-0.0837426,-0.0364836,-0.238679,0.0690717,-0.0292587,-0.101656,0.0868107,-0.0208127,0.0772421,-0.271729,-0.0921152,-0.59977,-0.0881594,0.544481,0.0122509,-0.0667242,0.128642,0.314285,0.293246,0.306936,0.314481,0.180727,0.330452,0.339579,0.290859,0.329925,0,0,0,
0,0.0233734,0.115839,-0.0126729,-0.035735,-0.0841379,-0.0347827,-0.236639,0.0713273,-0.0412822,-0.101715,0.0955981,-0.023299,0.0767712,-0.270725,-0.0918945,-0.601555,-0.0876282,0.544905,0.0121573,-0.067213,0.128988,0.314303,0.293416,0.307007,0.314602,0.180849,0.330122,0.339335,0.290783,0.330019,0,0,0,
0,0.0229401,0.115343,-0.0122176,-0.0345023,-0.0844201,-0.0347668,-0.236096,0.0721029,-0.0428208,-0.102116,0.0969819,-0.024357,0.0761501,-0.27015,-0.0921176,-0.600756,-0.0873162,0.544553,0.0117328,-0.0673289,0.129243,0.314345,0.293475,0.30704,0.314615,0.180959,0.330015,0.339237,0.290739,0.330044,0,0,0,
0,0.0230784,0.113199,-0.0111843,-0.0326086,-0.0829051,-0.0350363,-0.234979,0.0731292,-0.0415336,-0.102929,0.0968949,-0.0269876,0.0738948,-0.26838,-0.0926923,-0.600152,-0.0864411,0.543814,0.0105381,-0.0677812,0.130156,0.314424,0.293576,0.307164,0.314492,0.181267,0.330085,0.339339,0.29086,0.330132,0,0,0,
0,0.0229006,0.112077,-0.0107049,-0.0319213,-0.0812856,-0.0351361,-0.234669,0.073432,-0.0369773,-0.103732,0.0952363,-0.0281483,0.0725427,-0.268066,-0.0928727,-0.597945,-0.0862386,0.542181,0.0099881,-0.0676299,0.130316,0.314388,0.29349,0.307112,0.314312,0.181426,0.330112,0.339434,0.29093,0.330171,0,0,0,
0,0.0224073,0.111185,-0.0100733,-0.0313883,-0.0755071,-0.03514,-0.235755,0.0729961,-0.0267725,-0.104941,0.0877778,-0.0289551,0.0709559,-0.269345,-0.0926914,-0.592419,-0.0859251,0.537787,0.009447,-0.0674174,0.130092,0.314392,0.29349,0.307078,0.314181,0.181664,0.330254,0.339556,0.291157,0.330295,0,0,0,
0,0.0228713,0.11181,-0.00990639,-0.0317076,-0.072705,-0.0333788,-0.237933,0.0711296,-0.022886,-0.105994,0.0812752,-0.029287,0.0703371,-0.270664,-0.0927028,-0.587263,-0.0861443,0.532733,0.00901132,-0.0662344,0.130013,0.314349,0.293575,0.307002,0.314235,0.181913,0.330343,0.339543,0.291224,0.330436,0,0,0,
0,0.0224825,0.112043,-0.00999877,-0.031736,-0.0733247,-0.0323906,-0.238863,0.0699611,-0.0237304,-0.106398,0.08012,-0.0289238,0.0703093,-0.271299,-0.0926608,-0.586551,-0.0866489,0.530943,0.00959783,-0.0661091,0.129934,0.314302,0.29353,0.307005,0.314301,0.181952,0.330311,0.33953,0.291285,0.330512,0,0,0,
0,0.0216771,0.112178,-0.0102396,-0.0313745,-0.0774694,-0.0296124,-0.24039,0.0678996,-0.0254676,-0.107059,0.0799972,-0.0276749,0.0706509,-0.271997,-0.0919289,-0.585885,-0.0865407,0.529666,0.0104996,-0.0664412,0.129716,0.314315,0.293518,0.306974,0.314415,0.182027,0.330294,0.339554,0.291248,0.330547,0,0,0,
0,0.0213942,0.112747,-0.0105138,-0.0297502,-0.0832238,-0.0278469,-0.241561,0.0658365,-0.0300493,-0.107364,0.082345,-0.0265567,0.070939,-0.272585,-0.0912298,-0.585213,-0.0861896,0.528535,0.01069,-0.0665053,0.129589,0.314257,0.293419,0.307004,0.314408,0.182036,0.330266,0.339516,0.291314,0.330565,0,0,0,
0,0.0215802,0.112881,-0.010569,-0.0292176,-0.0860435,-0.0272497,-0.241581,0.0650969,-0.0322163,-0.107548,0.084772,-0.0260379,0.0710215,-0.272675,-0.0910641,-0.585619,-0.0860607,0.528368,0.0107677,-0.0665537,0.129487,0.31427,0.293435,0.30699,0.314469,0.182031,0.330295,0.339574,0.291343,0.33064,0,0,0,
0,0.0226458,0.112606,-0.010789,-0.0296434,-0.0883397,-0.026826,-0.241459,0.0644053,-0.0318351,-0.107423,0.0882245,-0.0252188,0.0706314,-0.272221,-0.0910044,-0.585452,-0.085707,0.528518,0.0111944,-0.0664956,0.129027,0.314303,0.29329,0.307056,0.31446,0.181697,0.330225,0.339594,0.291285,0.330751,0,0,0,
0,0.0223378,0.112707,-0.0108145,-0.0285095,-0.0899161,-0.0267711,-0.241634,0.0645115,-0.0336432,-0.107057,0.0904502,-0.0243482,0.0715406,-0.271998,-0.0905896,-0.588266,-0.0856262,0.529388,0.0112594,-0.0668799,0.128988,0.314282,0.293274,0.30699,0.314389,0.181478,0.3301,0.339554,0.291199,0.330814,0,0,0,
0,0.0223328,0.113455,-0.0109543,-0.0279999,-0.0914584,-0.0269351,-0.242034,0.0646431,-0.034153,-0.107011,0.092997,-0.0236749,0.0717599,-0.272423,-0.0903988,-0.587849,-0.0854734,0.529134,0.0109905,-0.067182,0.129073,0.314255,0.29329,0.306934,0.314363,0.181434,0.329985,0.339514,0.291111,0.330749,0,0,0,
0,0.0224827,0.114468,-0.0109211,-0.0270253,-0.0923753,-0.0275463,-0.241351,0.064953,-0.0371563,-0.105307,0.0968083,-0.0236974,0.0720444,-0.271863,-0.0901368,-0.586766,-0.0847323,0.529148,0.00933761,-0.0681003,0.129139,0.314136,0.293179,0.306972,0.314429,0.181708,0.330009,0.339431,0.291164,0.330724,0,0,0,
0,0.0227842,0.11457,-0.0107424,-0.026639,-0.0924526,-0.0280276,-0.240594,0.0651432,-0.0385759,-0.104763,0.0986352,-0.0239948,0.0723369,-0.271679,-0.0906954,-0.585667,-0.0845331,0.529023,0.00873517,-0.0680954,0.129194,0.314109,0.293161,0.306991,0.314459,0.181667,0.330045,0.339357,0.29121,0.330643,0,0,0,
0,0.0231752,0.115454,-0.0106224,-0.0265966,-0.0933159,-0.0284236,-0.2415,0.0658802,-0.0420568,-0.104674,0.101275,-0.0250334,0.0722619,-0.273631,-0.0918959,-0.581467,-0.0848516,0.526277,0.00838808,-0.0679253,0.129444,0.314152,0.293174,0.306971,0.314266,0.181607,0.3302,0.339331,0.291126,0.330397,0,0,0,
0,0.0230908,0.115991,-0.0104071,-0.025819,-0.0935684,-0.0290858,-0.241817,0.0664291,-0.0435223,-0.104611,0.102744,-0.0258869,0.0710823,-0.274445,-0.091643,-0.580385,-0.0840934,0.524638,0.00898768,-0.0671735,0.129434,0.314045,0.29315,0.307001,0.314167,0.181667,0.330347,0.33938,0.291165,0.33035,0,0,0,
0,0.0230342,0.115702,-0.0104883,-0.0256048,-0.0931249,-0.0291014,-0.241439,0.0666053,-0.0420341,-0.104798,0.1021,-0.0263267,0.0701396,-0.274083,-0.0912993,-0.581864,-0.0841092,0.52486,0.0092047,-0.0665276,0.129293,0.313934,0.29317,0.306914,0.314033,0.181593,0.330431,0.339384,0.291108,0.330325,0,0,0,
0,0.0227838,0.115439,-0.0109506,-0.0253386,-0.0935479,-0.0284979,-0.241427,0.0670128,-0.0316035,-0.105578,0.0949579,-0.0260416,0.0695433,-0.273888,-0.0905729,-0.581245,-0.0846322,0.524916,0.00981542,-0.0660256,0.129319,0.314062,0.293335,0.306988,0.314147,0.181662,0.330345,0.339347,0.291057,0.330331,0,0,0,
0,0.0222849,0.114775,-0.0112184,-0.0245935,-0.0933676,-0.0280075,-0.240876,0.0668318,-0.0240655,-0.104933,0.0876978,-0.0246946,0.0694216,-0.273506,-0.0898044,-0.581522,-0.0846087,0.524626,0.0105272,-0.0656826,0.129529,0.314173,0.293445,0.307035,0.314302,0.181774,0.330283,0.339383,0.290959,0.330329,0,0,0,
0,0.0225276,0.115136,-0.0113847,-0.0245731,-0.0934347,-0.0279224,-0.240252,0.0664278,-0.0210739,-0.104535,0.0848213,-0.0245945,0.0699641,-0.273537,-0.0895173,-0.580129,-0.0845257,0.523732,0.0105325,-0.0658469,0.129516,0.314215,0.293483,0.307133,0.314375,0.181793,0.330283,0.339411,0.290967,0.330373,0,0,0,
0,0.0223846,0.115684,-0.0114871,-0.0241691,-0.0941297,-0.0277273,-0.239505,0.0663493,-0.0183144,-0.104654,0.0812823,-0.0247023,0.0711388,-0.274087,-0.0891891,-0.5777,-0.0841845,0.521178,0.0108713,-0.0660004,0.129596,0.314342,0.293499,0.307202,0.314379,0.181895,0.330219,0.339388,0.291008,0.33039,0,0,0,
0,0.0221494,0.115984,-0.0114203,-0.0236348,-0.094593,-0.0276048,-0.239685,0.0661619,-0.0217236,-0.104624,0.0821125,-0.0243311,0.0725963,-0.274644,-0.0889076,-0.579661,-0.0836988,0.521191,0.011434,-0.0661399,0.12962,0.314272,0.293542,0.307149,0.314421,0.182101,0.329928,0.339321,0.290968,0.330339,0,0,0,
