0,0.00608332,0.0699527,0.014126,0.00152334,-0.116001,-0.00746951,-0.114324,0.107693,0.0881055,-0.107778,-0.114022,0.0308105,0.00759949,-0.184959,-0.0746228,-0.792099,-0.0488723,0.7887,0.0431645,-0.0905798,0.110581,0.215397,0.200416,0.158478,0.227248,0.128469,0.2196,0.241249,0.176658,0.226361,0,0,0,
0,0.00681259,0.0700036,0.0139988,0.00151271,-0.115631,-0.00736825,-0.114631,0.107249,0.0857518,-0.107704,-0.11075,0.0311059,0.00784886,-0.184814,-0.074443,-0.790928,-0.0485708,0.788721,0.0430709,-0.0906716,0.111135,0.215514,0.200479,0.158275,0.227019,0.128378,0.219055,0.241062,0.176251,0.226118,0,0,0,
0,0.00750452,0.0697792,0.0139969,0.00147892,-0.114054,-0.0078542,-0.114356,0.106982,0.0839735,-0.107601,-0.109163,0.0310091,0.00793843,-0.184429,-0.0744377,-0.79139,-0.048324,0.789119,0.0424868,-0.0909315,0.111109,0.215523,0.20053,0.158101,0.226913,0.128538,0.218926,0.240957,0.176101,0.226043,0,0,0,
0,0.00823427,0.0699287,0.0140519,0.00169098,-0.113632,-0.00820322,-0.114378,0.106558,0.0835385,-0.108162,-0.107835,0.0299528,0.00742992,-0.184867,-0.0746616,-0.782327,-0.0480097,0.783672,0.0416238,-0.0909182,0.111004,0.215411,0.200423,0.15741,0.22656,0.128841,0.21885,0.240794,0.175928,0.225922,0,0,0,
0,0.00960318,0.0706768,0.0140714,0.00162318,-0.115303,-0.00868031,-0.114566,0.106265,0.081474,-0.108908,-0.107057,0.0298794,0.00754497,-0.185684,-0.0747152,-0.783529,-0.0481667,0.781566,0.0416284,-0.09132,0.110953,0.215775,0.200566,0.157516,0.2266,0.12876,0.21863,0.240472,0.175809,0.225839,0,0,0,
0,0.0102208,0.0708315,0.0140901,0.00154475,-0.115954,-0.00831729,-0.114531,0.106069,0.0801622,-0.109044,-0.105981,0.0300729,0.00752215,-0.185674,-0.0747343,-0.786604,-0.0482636,0.783287,0.0414998,-0.091511,0.110818,0.215891,0.200524,0.157531,0.226569,0.128782,0.218575,0.240396,0.175711,0.225738,0,0,0,
0,0.0112475,0.0708819,0.0140324,0.00128501,-0.116573,-0.00807941,-0.114459,0.105625,0.0776146,-0.109122,-0.103223,0.0303929,0.00734073,-0.185552,-0.074773,-0.789015,-0.0481474,0.785612,0.042034,-0.0908165,0.110579,0.215956,0.200438,0.157393,0.22654,0.1284,0.218252,0.240234,0.175555,0.225633,0,0,0,
0,0.0120497,0.0704676,0.0140953,0.000973404,-0.116475,-0.00808746,-0.114377,0.105445,0.0756064,-0.108966,-0.100587,0.0307894,0.00807128,-0.185258,-0.0747368,-0.791256,-0.048177,0.788303,0.0413315,-0.0913377,0.110519,0.216163,0.200476,0.157637,0.226832,0.128377,0.21816,0.240317,0.175618,0.225797,0,0,0,
0,0.0123848,0.0704231,0.014094,0.00084171,-0.116733,-0.00822788,-0.114414,0.105256,0.0746303,-0.109068,-0.0993765,0.030769,0.00853827,-0.185265,-0.0748375,-0.788621,-0.0480869,0.787514,0.0410337,-0.0913235,0.110437,0.216317,0.200553,0.157878,0.226964,0.128395,0.218208,0.240361,0.175623,0.225835,0,0,0,
0,0.0132888,0.0704691,0.0140634,0.000696976,-0.117794,-0.00787739,-0.114598,0.104888,0.0743457,-0.109447,-0.0979766,0.0311487,0.00942479,-0.185427,-0.0749903,-0.786914,-0.0481313,0.785797,0.0404717,-0.0920836,0.110414,0.216463,0.200727,0.158178,0.227176,0.128556,0.218315,0.240453,0.175795,0.225905,0,0,0,
0,0.01371,0.0707099,0.0138629,0.00022913,-0.11825,-0.00750048,-0.114871,0.104935,0.0737819,-0.109529,-0.0972961,0.0313083,0.00987565,-0.185714,-0.0749368,-0.786439,-0.0481805,0.785361,0.0403547,-0.0922659,0.110378,0.216579,0.200909,0.158342,0.227158,0.128573,0.218345,0.240518,0.175848,0.225905,0,0,0,
0,0.0138804,0.0711944,0.0139972,0.00155509,-0.118831,-0.00745127,-0.115258,0.104699,0.0734341,-0.109638,-0.0968951,0.0318134,0.0103988,-0.186092,-0.0751076,-0.787951,-0.0480558,0.785636,0.0403372,-0.0924111,0.110266,0.217332,0.20159,0.158844,0.227676,0.128621,0.218439,0.240631,0.175934,0.225994,0,0,0,
0,0.0146345,0.0720713,0.013685,0.00539714,-0.118965,-0.00750647,-0.115878,0.104495,0.0740258,-0.109825,-0.0976723,0.0319128,0.0106086,-0.186971,-0.0752222,-0.790701,-0.048004,0.785968,0.0410351,-0.0924756,0.110075,0.218466,0.203055,0.159374,0.228403,0.128455,0.218561,0.240691,0.176104,0.225904,0,0,0,
0,0.0149278,0.072276,0.0135771,0.0102645,-0.118142,-0.00737888,-0.115682,0.104349,0.0742158,-0.109849,-0.0981767,0.0318163,0.0110155,-0.186966,-0.0753062,-0.796965,-0.0479001,0.788887,0.0408735,-0.0926646,0.109929,0.218939,0.20351,0.159782,0.228879,0.128546,0.21868,0.24069,0.176184,0.225814,0,0,0,
0,0.0145031,0.0734821,0.0135707,0.0203147,-0.118278,-0.00710266,-0.11561,0.103822,0.0762501,-0.110608,-0.101084,0.0308624,0.0124601,-0.187727,-0.0759395,-0.798601,-0.0473311,0.792032,0.040384,-0.0930723,0.109921,0.220455,0.204445,0.16082,0.229692,0.1288,0.218993,0.240767,0.176616,0.225878,0,0,0,
0,0.0147651,0.0740979,0.01364,0.0279066,-0.117744,-0.0072703,-0.115366,0.103533,0.0810076,-0.111264,-0.105366,0.0313637,0.0132301,-0.188396,-0.0759729,-0.799876,-0.0465729,0.793149,0.0397358,-0.0931919,0.109712,0.22179,0.20531,0.161954,0.230856,0.129085,0.219493,0.240972,0.17725,0.226081,0,0,0,
0,0.0153534,0.07465,0.0136065,0.0288014,-0.116948,-0.00795803,-0.114955,0.103448,0.0835322,-0.11151,-0.106792,0.0318367,0.0129457,-0.188418,-0.0760517,-0.798249,-0.0463976,0.792979,0.0390354,-0.0933625,0.10951,0.222097,0.205482,0.162259,0.231225,0.129318,0.219705,0.241145,0.177383,0.226155,0,0,0,
0,0.0158024,0.0756561,0.0132308,0.0304691,-0.115496,-0.0080295,-0.114134,0.103785,0.0841213,-0.110763,-0.108612,0.0323142,0.0133001,-0.188775,-0.0751647,-0.790697,-0.0468725,0.787872,0.0376577,-0.0933232,0.109514,0.222723,0.20576,0.162655,0.231638,0.129648,0.220164,0.241344,0.177489,0.226239,0,0,0,
0,0.0169876,0.0758083,0.0125715,0.0383502,-0.115223,-0.0057026,-0.113259,0.104102,0.086154,-0.110033,-0.109921,0.0326319,0.014519,-0.189502,-0.074723,-0.781465,-0.0469132,0.778873,0.0365396,-0.0934586,0.109101,0.22337,0.206155,0.163387,0.232261,0.129776,0.22056,0.241389,0.177628,0.226222,0,0,0,
0,0.0174325,0.0761816,0.0121982,0.0429151,-0.115706,-0.0047571,-0.113272,0.104023,0.0846257,-0.10981,-0.109621,0.0320237,0.015242,-0.190254,-0.0745823,-0.776169,-0.0466893,0.773784,0.0361651,-0.0937428,0.10875,0.223684,0.20659,0.164047,0.23268,0.129942,0.2209,0.241472,0.177724,0.226316,0,0,0,
0,0.0193326,0.0774727,0.0111709,0.0565161,-0.117203,-0.00302336,-0.113645,0.103965,0.0813351,-0.110776,-0.10702,0.0313688,0.0187327,-0.191761,-0.0743158,-0.769347,-0.0459544,0.766442,0.0349183,-0.0948857,0.107781,0.225984,0.209328,0.166795,0.235057,0.130423,0.221456,0.24148,0.177811,0.226485,0,0,0,
0,0.0221536,0.079635,0.00954011,0.0815115,-0.117928,0.000995325,-0.115506,0.10391,0.0794722,-0.111786,-0.0990452,0.0329938,0.0223801,-0.193449,-0.0735405,-0.751218,-0.0445225,0.7527,0.0318768,-0.0956652,0.104931,0.229881,0.215111,0.172865,0.237599,0.131289,0.222209,0.241787,0.178335,0.226754,0,0,0,
0,0.0227379,0.0804281,0.00906293,0.122907,-0.120216,0.00501459,-0.116268,0.104038,0.0786924,-0.111603,-0.0912057,0.035454,0.0275353,-0.194438,-0.0732999,-0.740089,-0.044209,0.743251,0.0304325,-0.0955889,0.102859,0.233285,0.219969,0.178407,0.240482,0.131629,0.2229,0.241913,0.178496,0.226896,0,0,0,
0,0.0266079,0.0814997,0.00907188,0.22045,-0.128769,0.0154803,-0.118419,0.103271,0.0924482,-0.110621,-0.0696896,0.04109,0.0414052,-0.198869,-0.0746062,-0.712829,-0.0419939,0.719237,0.0274184,-0.0976601,0.0959151,0.243363,0.232867,0.194641,0.249901,0.132308,0.22485,0.24228,0.178702,0.227138,0,0,0,
0,0.0293935,0.0820019,0.00864221,0.272537,-0.133658,0.0224622,-0.120789,0.103733,0.101883,-0.109509,-0.0610204,0.0426323,0.0510595,-0.201353,-0.0755781,-0.693823,-0.0405142,0.701485,0.0249647,-0.0985446,0.094407,0.248692,0.240038,0.203576,0.25547,0.132889,0.226229,0.242621,0.178957,0.227233,0,0,0,
0,0.0339585,0.0830993,0.00699819,0.386981,-0.143269,0.0406914,-0.126513,0.103761,0.0948356,-0.109163,-0.053865,0.0387164,0.0654844,-0.207549,-0.077964,-0.652024,-0.0364317,0.658057,0.0190871,-0.100973,0.0939923,0.254881,0.248983,0.214074,0.261059,0.134067,0.229873,0.244016,0.180579,0.228074,0,0,0,
0,0.0414241,0.0840728,0.00394012,0.486376,-0.150775,0.0601633,-0.13436,0.106149,0.0721815,-0.112739,-0.0453912,0.0330706,0.0780811,-0.214617,-0.0818358,-0.582749,-0.033344,0.598214,0.0124909,-0.103454,0.0923256,0.259286,0.254605,0.22081,0.263892,0.135979,0.234494,0.246522,0.184027,0.230061,0,0,0,
0,0.0427436,0.0847373,0.00164353,0.525431,-0.153521,0.0688931,-0.137827,0.108431,0.048526,-0.116823,-0.0349692,0.0322512,0.0819965,-0.218284,-0.0833126,-0.55805,-0.0323114,0.569708,0.00822855,-0.103785,0.0930982,0.261067,0.256956,0.223754,0.264772,0.137343,0.236986,0.248405,0.185983,0.231716,0,0,0,
0,0.0549366,0.0853606,-0.00423839,0.616445,-0.159599,0.0918478,-0.144438,0.113799,0.0239798,-0.124362,-0.0187034,0.0343793,0.0867203,-0.225859,-0.0862068,-0.489141,-0.0297027,0.515709,0.00418872,-0.10482,0.0944933,0.265055,0.261014,0.22874,0.267762,0.138897,0.241541,0.253628,0.189688,0.235598,0,0,0,
0,0.0631731,0.0875662,-0.00919935,0.687046,-0.165447,0.10789,-0.147962,0.122181,0.0331904,-0.126338,-0.0284156,0.0439833,0.0859187,-0.232049,-0.0868653,-0.442421,-0.0299031,0.465228,0.00129518,-0.102402,0.0947443,0.267723,0.2634,0.231448,0.269672,0.14079,0.244691,0.257448,0.192403,0.238493,0,0,0,
0,0.0729978,0.0883443,-0.0125182,0.710999,-0.168673,0.113487,-0.149957,0.123849,0.0428971,-0.125332,-0.0303976,0.0493068,0.0834491,-0.234931,-0.0851575,-0.384557,-0.0286722,0.43177,0.000718277,-0.102245,0.0949203,0.2683,0.26402,0.232229,0.270162,0.14144,0.246191,0.258802,0.193489,0.239132,0,0,0,
0,0.085035,0.0897172,-0.0173733,0.76319,-0.17524,0.124449,-0.148484,0.130463,0.0550044,-0.114626,-0.0387358,0.0584888,0.0806314,-0.238543,-0.0818904,-0.340125,-0.0296865,0.378224,-0.00164484,-0.0978181,0.095592,0.269557,0.264805,0.233413,0.270856,0.142615,0.248595,0.261406,0.194356,0.240825,0,0,0,
0,0.100245,0.0919428,-0.0227114,0.79431,-0.182763,0.130463,-0.147667,0.134966,0.0548438,-0.0987991,-0.0386678,0.0630752,0.0790281,-0.24236,-0.0768748,-0.325816,-0.0358898,0.356603,-0.00274553,-0.0951683,0.096072,0.269648,0.265787,0.234556,0.271196,0.142435,0.25079,0.263542,0.195286,0.241938,0,0,0,
0,0.105814,0.0933854,-0.0250392,0.808274,-0.185928,0.132146,-0.144404,0.137601,0.0579521,-0.0927938,-0.0418648,0.0652406,0.0808858,-0.2439,-0.074939,-0.327525,-0.0396688,0.349809,-0.00335824,-0.0936495,0.0962144,0.270479,0.266682,0.235404,0.271658,0.142524,0.252088,0.264767,0.195346,0.241955,0,0,0,
0,0.116994,0.0968832,-0.0293588,0.83026,-0.192389,0.133167,-0.14026,0.143593,0.0311859,-0.0816766,-0.0330633,0.0606453,0.0838155,-0.248196,-0.0716699,-0.317573,-0.0463967,0.336636,-0.00531003,-0.0932325,0.0978313,0.271134,0.26752,0.236385,0.272819,0.143243,0.255545,0.268425,0.197627,0.245932,0,0,0,
0,0.128382,0.100786,-0.0329942,0.842459,-0.194671,0.131616,-0.139019,0.149245,0.0114694,-0.0764632,-0.0152782,0.0515173,0.0851404,-0.253445,-0.0692009,-0.304504,-0.0521757,0.318753,-0.00813525,-0.0998731,0.0985525,0.271377,0.267466,0.237765,0.273026,0.145107,0.261486,0.277004,0.203262,0.25378,0,0,0,
0,0.135363,0.102594,-0.0339419,0.853685,-0.194553,0.131891,-0.13937,0.152817,0.00688104,-0.0763146,-0.0093966,0.0467007,0.0850792,-0.256323,-0.0692125,-0.304115,-0.0539307,0.313729,-0.0104757,-0.106872,0.0986526,0.270595,0.26728,0.23813,0.273106,0.146788,0.265981,0.28267,0.208255,0.258595,0,0,0,
0,0.147523,0.104975,-0.0349694,0.878181,-0.194217,0.135579,-0.141924,0.159515,-0.00342521,-0.0795135,-0.00490269,0.0385409,0.0841948,-0.262249,-0.0647092,-0.271208,-0.0528391,0.284659,-0.0171756,-0.123909,0.0992232,0.259968,0.262681,0.238238,0.272382,0.153282,0.273442,0.291616,0.221469,0.271255,0,0,0,
0,0.160553,0.105499,-0.0368516,0.90225,-0.195264,0.141438,-0.145519,0.160984,-0.00641149,-0.083508,-0.00144527,0.0340604,0.0849655,-0.264758,-0.0645274,-0.244429,-0.0500349,0.265745,-0.0223683,-0.136765,0.0990499,0.256166,0.25965,0.238338,0.272773,0.158186,0.278234,0.297255,0.228783,0.277878,0,0,0,
0,0.187676,0.108023,-0.0412824,0.944486,-0.201287,0.147801,-0.155162,0.168227,0.0143875,-0.0931413,-0.0182106,0.0220569,0.0920948,-0.27368,-0.0617303,-0.144472,-0.0435153,0.197979,-0.0332789,-0.159659,0.0974116,0.252653,0.25824,0.239129,0.272412,0.167552,0.289917,0.307806,0.246541,0.292907,0,0,0,
0,0.215144,0.112208,-0.0457657,1.00774,-0.211425,0.148873,-0.164228,0.177237,0.00763113,-0.113069,-0.0333059,0.0132843,0.101946,-0.281057,-0.0583631,-0.0446867,-0.0384705,0.0950794,-0.0424086,-0.168396,0.0985501,0.252754,0.258725,0.239669,0.273054,0.17425,0.298557,0.315896,0.257489,0.302437,0,0,0,
0,0.233904,0.11543,-0.0488438,1.04977,-0.216184,0.145556,-0.171237,0.180299,0.018605,-0.123458,-0.0400012,0.0108281,0.10643,-0.286075,-0.0582503,-0.00233119,-0.0379977,0.0563049,-0.0444123,-0.172121,0.100676,0.252777,0.258795,0.240439,0.273001,0.175982,0.301392,0.318435,0.260011,0.304316,0,0,0,
0,0.273484,0.121642,-0.0562107,1.11353,-0.223979,0.137656,-0.183506,0.187285,0.0255617,-0.146199,-0.0530292,0.00883015,0.114843,-0.294863,-0.0584766,0.110668,-0.0368125,-0.0526392,-0.0445271,-0.169568,0.100342,0.254246,0.259737,0.240943,0.273183,0.177874,0.304374,0.320545,0.261629,0.304698,0,0,0,
0,0.312143,0.128377,-0.0639789,1.16664,-0.230866,0.131714,-0.191339,0.197074,0.054771,-0.166849,-0.082007,0.00882937,0.122941,-0.301983,-0.0552517,0.165235,-0.0356113,-0.134828,-0.0472898,-0.166807,0.102305,0.255534,0.261676,0.241864,0.274203,0.179068,0.305971,0.321698,0.260404,0.304479,0,0,0,
0,0.324924,0.131696,-0.0689203,1.17955,-0.234388,0.128728,-0.194359,0.201068,0.0560874,-0.17573,-0.096928,0.0133566,0.128592,-0.305436,-0.0538185,0.179372,-0.0366108,-0.164634,-0.0499439,-0.162152,0.104506,0.257093,0.263364,0.24414,0.27497,0.179518,0.306808,0.321173,0.259841,0.304306,0,0,0,
0,0.34748,0.141967,-0.0831909,1.19519,-0.244226,0.120935,-0.202761,0.208802,0.074253,-0.186291,-0.107958,0.0275221,0.131191,-0.318033,-0.050191,0.188764,-0.0426685,-0.17453,-0.0534069,-0.156534,0.107169,0.259843,0.26552,0.247459,0.276698,0.180218,0.307668,0.322217,0.260295,0.305504,0,0,0,
0,0.352777,0.148782,-0.096205,1.19975,-0.251172,0.118234,-0.203985,0.215349,0.10026,-0.178933,-0.124137,0.0494641,0.131612,-0.330271,-0.0437938,0.178832,-0.0502055,-0.184777,-0.0537362,-0.146208,0.110279,0.26201,0.26723,0.249968,0.277667,0.178252,0.309024,0.321338,0.258693,0.306226,0,0,0,
0,0.355259,0.152418,-0.102207,1.2019,-0.255688,0.115213,-0.201588,0.219661,0.10784,-0.165836,-0.138759,0.0603749,0.132867,-0.337059,-0.0420141,0.135489,-0.0545711,-0.154093,-0.0527446,-0.140702,0.109986,0.2629,0.267901,0.25202,0.279436,0.177359,0.3102,0.321603,0.257709,0.306384,0,0,0,
0,0.374635,0.161084,-0.117524,1.19827,-0.268146,0.101114,-0.205062,0.223174,0.146229,-0.145595,-0.161553,0.0780684,0.131127,-0.353295,-0.0414904,0.132914,-0.0650836,-0.114531,-0.0513762,-0.126829,0.111877,0.264511,0.270241,0.255089,0.28113,0.173517,0.311695,0.322132,0.254132,0.304425,0,0,0,
0,0.385298,0.167004,-0.132252,1.19098,-0.279905,0.0862038,-0.197069,0.2318,0.16076,-0.109811,-0.180804,0.0782316,0.125494,-0.369168,-0.0381838,0.0318895,-0.0791591,-0.0477073,-0.0490911,-0.106308,0.11271,0.265585,0.272726,0.257842,0.283346,0.171422,0.310432,0.318538,0.251095,0.297655,0,0,0,
0,0.390205,0.170217,-0.139034,1.18916,-0.284165,0.0806658,-0.19507,0.235484,0.181762,-0.0976374,-0.201511,0.0807388,0.12276,-0.377066,-0.0349676,-0.0136414,-0.0866769,-0.00868849,-0.0461472,-0.10032,0.113604,0.26645,0.273702,0.259191,0.284332,0.168536,0.311249,0.318132,0.248858,0.29582,0,0,0,
0,0.386031,0.177242,-0.153207,1.18093,-0.294253,0.0678867,-0.188661,0.241963,0.239914,-0.0761765,-0.249061,0.0718814,0.113425,-0.397917,-0.0259507,-0.0467323,-0.0985407,0.0298888,-0.0400634,-0.0888305,0.114369,0.267566,0.275035,0.261399,0.284477,0.165355,0.310535,0.317902,0.246287,0.289977,0,0,0,
0,0.397629,0.186309,-0.161547,1.17179,-0.301648,0.0587622,-0.189253,0.243937,0.277501,-0.0687646,-0.276428,0.0633118,0.108231,-0.411105,-0.0216119,-0.0826557,-0.104663,0.0523911,-0.0371547,-0.084709,0.117712,0.268044,0.275422,0.262109,0.284706,0.164307,0.309885,0.317082,0.24494,0.288751,0,0,0,
0,0.390979,0.195691,-0.174916,1.16074,-0.314992,0.0417506,-0.190331,0.242955,0.344841,-0.0610961,-0.342944,0.0462753,0.100334,-0.433268,-0.00483135,-0.106075,-0.114606,0.0793934,-0.0335325,-0.0844132,0.118796,0.268467,0.276082,0.263055,0.285152,0.162315,0.308663,0.31574,0.244145,0.289096,0,0,0,
0,0.396428,0.208902,-0.187908,1.15386,-0.332578,0.0287347,-0.196195,0.241576,0.375162,-0.0684105,-0.388354,0.0281985,0.0989466,-0.456151,0.00876367,-0.127396,-0.126537,0.0923867,-0.0323088,-0.0820086,0.120856,0.268672,0.275777,0.262738,0.285059,0.161684,0.308933,0.316321,0.244805,0.291825,0,0,0,
0,0.398365,0.214692,-0.193441,1.1543,-0.341779,0.0253142,-0.201019,0.239595,0.37798,-0.0749817,-0.397062,0.0196806,0.10039,-0.467769,0.0150143,-0.14616,-0.13343,0.102802,-0.0312266,-0.0803271,0.121681,0.268819,0.275968,0.26265,0.285286,0.161379,0.308143,0.315705,0.24395,0.2913,0,0,0,
0,0.399827,0.220069,-0.201689,1.1527,-0.356689,0.0227306,-0.211225,0.236492,0.359941,-0.0870307,-0.391065,0.00277092,0.104005,-0.487348,0.0306774,-0.153839,-0.139648,0.114574,-0.0272854,-0.0806781,0.12119,0.268252,0.275041,0.261237,0.28453,0.159873,0.308736,0.31715,0.244147,0.292648,0,0,0,
0,0.402026,0.22161,-0.207912,1.14521,-0.370155,0.0223547,-0.223506,0.233803,0.326167,-0.11082,-0.361495,-0.0121538,0.112318,-0.500971,0.0444042,-0.175061,-0.15157,0.13127,-0.0241825,-0.0810085,0.120885,0.268201,0.273891,0.2597,0.283998,0.158476,0.309829,0.317324,0.243491,0.292873,0,0,0,
0,0.400807,0.221529,-0.208955,1.14156,-0.375648,0.0215406,-0.231761,0.232477,0.310005,-0.113546,-0.345055,-0.0257214,0.115577,-0.50595,0.0493797,-0.176925,-0.156393,0.132004,-0.0232716,-0.079694,0.122131,0.267952,0.273187,0.258665,0.283589,0.158589,0.310079,0.317105,0.243362,0.292618,0,0,0,
0,0.398321,0.218254,-0.209512,1.12986,-0.387709,0.0228559,-0.24455,0.233099,0.265303,-0.148545,-0.311131,-0.0372099,0.12539,-0.511939,0.0559418,-0.1944,-0.167311,0.139769,-0.0165716,-0.0794425,0.12165,0.267036,0.271508,0.256373,0.283322,0.157635,0.310481,0.316582,0.243257,0.292292,0,0,0,
0,0.392243,0.213141,-0.20681,1.12345,-0.40014,0.0220864,-0.252918,0.234962,0.187755,-0.195028,-0.28199,-0.0465145,0.147841,-0.515509,0.0604181,-0.199055,-0.173615,0.14362,-0.00865016,-0.0841777,0.11947,0.267796,0.271562,0.25632,0.284405,0.155499,0.310603,0.31666,0.243108,0.29212,0,0,0,
0,0.38895,0.210852,-0.204994,1.12178,-0.405854,0.0202022,-0.258251,0.236552,0.142719,-0.216199,-0.254398,-0.0421393,0.154002,-0.515842,0.0605969,-0.198624,-0.174916,0.143901,-0.00563454,-0.0871582,0.119017,0.268156,0.271422,0.255978,0.284203,0.154733,0.309842,0.316695,0.242627,0.29139,0,0,0,
0,0.385482,0.20815,-0.202041,1.11941,-0.41533,0.0163861,-0.270965,0.24272,0.0707325,-0.250597,-0.194307,-0.0303417,0.160648,-0.514424,0.0579098,-0.189343,-0.17386,0.13997,0.00188048,-0.0981794,0.120252,0.26863,0.271408,0.255359,0.284443,0.152637,0.309174,0.317588,0.242947,0.292554,0,0,0,
0,0.381791,0.206854,-0.200582,1.11892,-0.423101,0.0166043,-0.283057,0.254878,0.0249969,-0.270962,-0.145855,-0.00866918,0.160539,-0.508539,0.0514936,-0.1793,-0.166038,0.13004,0.00484772,-0.106092,0.119553,0.268486,0.270187,0.254656,0.283986,0.152534,0.307957,0.315868,0.241564,0.290146,0,0,0,
0,0.379274,0.206389,-0.200411,1.11975,-0.426522,0.0182214,-0.287172,0.262383,0.0107192,-0.274427,-0.128907,-0.000497695,0.160864,-0.505339,0.0487978,-0.173898,-0.159937,0.124372,0.00644212,-0.113705,0.11976,0.268685,0.269856,0.254422,0.283846,0.152818,0.306817,0.315507,0.242176,0.290623,0,0,0,
0,0.376557,0.203621,-0.199918,1.11948,-0.430248,0.0219528,-0.290514,0.279178,-0.00706402,-0.276421,-0.109148,0.0148309,0.158885,-0.4957,0.0396503,-0.177174,-0.153456,0.121834,0.0106893,-0.130747,0.119768,0.2691,0.269705,0.254182,0.28397,0.153271,0.304498,0.315093,0.241653,0.290077,0,0,0,
0,0.377042,0.202454,-0.19928,1.11743,-0.431087,0.0237229,-0.290197,0.28907,-0.00825037,-0.274341,-0.106101,0.022686,0.156736,-0.48949,0.0310742,-0.208404,-0.158409,0.146909,0.0187195,-0.146222,0.1193,0.269391,0.270087,0.254525,0.284308,0.152041,0.30431,0.316389,0.242234,0.290514,0,0,0,
0,0.375707,0.20149,-0.197433,1.11201,-0.432106,0.0275665,-0.285876,0.304509,-0.00541655,-0.262942,-0.112092,0.0320273,0.151703,-0.479487,0.016288,-0.110709,-0.12473,0.112996,0.010643,-0.156926,0.119003,0.269901,0.27064,0.254776,0.284707,0.1509,0.30083,0.31784,0.243859,0.29292,0,0,0,
0,0.369656,0.202512,-0.194137,1.10471,-0.431883,0.0329625,-0.27734,0.314362,0.00144976,-0.250864,-0.126402,0.0456779,0.147996,-0.470247,0.00302352,-0.0602445,-0.108935,0.0659655,-0.00171316,-0.162407,0.120351,0.270471,0.271134,0.255161,0.285024,0.152551,0.298204,0.316768,0.243094,0.289582,0,0,0,
0,0.369291,0.203563,-0.192246,1.1009,-0.431606,0.0356501,-0.273315,0.317024,0.00800852,-0.237016,-0.135422,0.0452539,0.145909,-0.466082,-0.00340388,0.00632649,-0.100029,0.0371285,-0.00848245,-0.164325,0.120999,0.270681,0.271143,0.255272,0.284999,0.152893,0.298143,0.317514,0.244485,0.29049,0,0,0,
0,0.367319,0.205332,-0.189434,1.09379,-0.431631,0.040361,-0.26508,0.319482,0.020032,-0.213874,-0.155668,0.0462706,0.144293,-0.458909,-0.0142752,0.0999854,-0.0922993,-0.0255702,-0.021914,-0.164542,0.120049,0.270989,0.271327,0.255548,0.285166,0.154961,0.298581,0.318958,0.244911,0.290296,0,0,0,
0,0.369722,0.206822,-0.185525,1.08798,-0.432789,0.0447531,-0.253811,0.318162,0.022396,-0.194773,-0.171355,0.0426209,0.144125,-0.45379,-0.0204124,0.149172,-0.0924365,-0.0752603,-0.0320753,-0.161225,0.121383,0.2713,0.271545,0.255876,0.285178,0.155775,0.298665,0.318738,0.245095,0.290082,0,0,0,
0,0.369109,0.206736,-0.18363,1.08503,-0.433187,0.0462535,-0.24809,0.316694,0.0203239,-0.187085,-0.175379,0.0429242,0.143461,-0.452769,-0.025183,0.153403,-0.0929827,-0.0899219,-0.0355505,-0.157523,0.120733,0.271448,0.271574,0.25593,0.285162,0.155924,0.298868,0.31865,0.244824,0.289394,0,0,0,
0,0.369385,0.205386,-0.179758,1.08152,-0.43495,0.0475206,-0.238836,0.31259,0.0135239,-0.170838,-0.176429,0.0383095,0.141857,-0.4515,-0.0303698,0.149544,-0.0948326,-0.0928385,-0.0427871,-0.151854,0.120073,0.27148,0.27166,0.255822,0.2849,0.156203,0.300027,0.318893,0.244638,0.288794,0,0,0,
0,0.368807,0.203867,-0.176163,1.07911,-0.4378,0.0469924,-0.234271,0.307629,0.00511134,-0.157888,-0.172721,0.0282502,0.141036,-0.453326,-0.0371116,0.138708,-0.10083,-0.0827568,-0.0438712,-0.144198,0.120727,0.271107,0.271268,0.255123,0.284459,0.156095,0.301,0.319017,0.244377,0.287982,0,0,0,
0,0.368991,0.203077,-0.17437,1.07751,-0.438622,0.0471769,-0.233854,0.305283,-0.00270554,-0.154759,-0.167363,0.0205948,0.141314,-0.453909,-0.0394517,0.128794,-0.102189,-0.0718236,-0.0442514,-0.141822,0.121126,0.270938,0.271024,0.25465,0.284116,0.156551,0.301622,0.319158,0.244437,0.287931,0,0,0,
0,0.369064,0.202182,-0.170391,1.07227,-0.439249,0.048368,-0.233188,0.302477,-0.00922948,-0.159227,-0.159569,0.00617412,0.142713,-0.454662,-0.0436109,0.112224,-0.106313,-0.0530605,-0.0434397,-0.137008,0.121645,0.270974,0.270436,0.25342,0.28367,0.156242,0.302457,0.319265,0.244359,0.287661,0,0,0,
0,0.368334,0.201021,-0.165673,1.07096,-0.43748,0.049674,-0.234911,0.301398,-0.00956948,-0.170554,-0.154531,-0.00308337,0.143642,-0.45518,-0.0473264,0.0953287,-0.107474,-0.0356244,-0.0426506,-0.133703,0.120401,0.270994,0.270209,0.252498,0.283839,0.156069,0.303035,0.319019,0.244017,0.287158,0,0,0,
0,0.369672,0.200559,-0.163163,1.06902,-0.436629,0.0501021,-0.237422,0.301553,-0.00836356,-0.176017,-0.153413,-0.00457293,0.144152,-0.454825,-0.0485405,0.091247,-0.108008,-0.0290316,-0.0421981,-0.133451,0.120148,0.271074,0.269953,0.252053,0.283758,0.156268,0.303345,0.319066,0.243943,0.287161,0,0,0,
0,0.368568,0.198584,-0.156587,1.06793,-0.434355,0.0504332,-0.239762,0.30162,-0.00445851,-0.188984,-0.15523,-0.00529807,0.145825,-0.452858,-0.05141,0.0946156,-0.109058,-0.0244419,-0.0415375,-0.134344,0.120541,0.271515,0.269797,0.251468,0.283977,0.156201,0.304047,0.31909,0.243818,0.286868,0,0,0,
0,0.368479,0.196959,-0.152341,1.06766,-0.433767,0.0509402,-0.240886,0.301762,-0.00819715,-0.191021,-0.154447,-0.00400788,0.146043,-0.451296,-0.0532947,0.0914432,-0.108743,-0.0231456,-0.0406562,-0.134573,0.121016,0.27159,0.269628,0.251039,0.283618,0.155979,0.304385,0.31874,0.243462,0.286718,0,0,0,
0,0.366729,0.193705,-0.142628,1.06581,-0.430052,0.0536943,-0.241889,0.301524,-0.0101299,-0.196655,-0.153688,0.00347939,0.147305,-0.446755,-0.0563811,0.114951,-0.110111,-0.0186826,-0.041085,-0.140753,0.120503,0.271865,0.26958,0.25079,0.283796,0.15509,0.305314,0.319165,0.243936,0.287089,0,0,0,
0,0.363824,0.191178,-0.133333,1.06214,-0.423917,0.0575496,-0.24218,0.301277,-0.0200761,-0.195353,-0.148608,0.00950104,0.148828,-0.444551,-0.064093,0.147045,-0.114022,-0.022853,-0.039322,-0.147464,0.120922,0.272396,0.270054,0.25068,0.284233,0.155286,0.306708,0.320035,0.24501,0.288214,0,0,0,
0,0.360907,0.189288,-0.127902,1.06275,-0.418785,0.0612126,-0.23679,0.301046,-0.0195424,-0.194753,-0.148163,0.0126259,0.149398,-0.442175,-0.0689989,0.142644,-0.113386,-0.0204566,-0.0370504,-0.14861,0.120781,0.27254,0.270069,0.250545,0.284416,0.155541,0.307339,0.319646,0.244758,0.288453,0,0,0,
0,0.353903,0.185771,-0.117419,1.06374,-0.408019,0.0696164,-0.233066,0.300304,-0.0319462,-0.188242,-0.141268,0.0198411,0.148733,-0.435246,-0.0805133,0.170279,-0.112318,-0.0278244,-0.0323672,-0.1513,0.120312,0.27307,0.270225,0.250281,0.284396,0.155057,0.308816,0.32025,0.245508,0.288312,0,0,0,
0,0.347321,0.184234,-0.108232,1.06169,-0.403563,0.0727648,-0.229909,0.299129,-0.0382238,-0.179381,-0.135713,0.0248804,0.148538,-0.428181,-0.0946843,0.163999,-0.108826,-0.0267699,-0.027292,-0.15216,0.119899,0.273472,0.270444,0.250257,0.284522,0.155588,0.308644,0.320163,0.245383,0.288981,0,0,0,
0,0.341727,0.182757,-0.103536,1.05608,-0.401362,0.074164,-0.224546,0.298837,-0.0393317,-0.174909,-0.133445,0.0267457,0.147492,-0.423642,-0.101576,0.16172,-0.105239,-0.0205448,-0.0246216,-0.153786,0.119161,0.273423,0.27052,0.250161,0.284468,0.155981,0.308885,0.321295,0.24658,0.289508,0,0,0,
0,0.335366,0.18186,-0.0958484,1.04411,-0.397797,0.0775269,-0.212069,0.29876,-0.0380726,-0.169853,-0.133936,0.0276918,0.145819,-0.415155,-0.11067,0.210595,-0.0968104,-0.0417305,-0.0225033,-0.155345,0.119551,0.274086,0.270727,0.249935,0.28425,0.156264,0.307633,0.320799,0.245803,0.288576,0,0,0,
0,0.324252,0.181131,-0.0864703,0.983774,-0.385439,0.0844356,-0.213519,0.293475,-0.0607153,-0.155532,-0.120338,0.0318071,0.14505,-0.403756,-0.124008,0.214155,-0.0892091,-0.0519354,-0.0230763,-0.155435,0.119127,0.274687,0.270847,0.249815,0.284382,0.156127,0.307756,0.321438,0.246131,0.289414,0,0,0,
0,0.320237,0.180654,-0.0822166,0.944002,-0.372401,0.0893738,-0.212467,0.29125,-0.0715061,-0.149466,-0.108545,0.032885,0.144456,-0.39797,-0.131062,0.23176,-0.0855558,-0.060887,-0.0241237,-0.153285,0.118746,0.275139,0.270908,0.249797,0.284426,0.156937,0.307039,0.321216,0.245901,0.288975,0,0,0,
0,0.297764,0.180479,-0.0692382,0.911846,-0.352156,0.0945243,-0.202772,0.289102,-0.0944631,-0.137048,-0.0998746,0.0335401,0.146442,-0.389754,-0.137249,0.262118,-0.0785752,-0.0920871,-0.0255744,-0.1484,0.118877,0.276602,0.271109,0.249882,0.284922,0.157178,0.30643,0.321607,0.246242,0.288187,0,0,0,
0,0.288862,0.179868,-0.0584182,0.883888,-0.340744,0.0969361,-0.197259,0.285708,-0.114008,-0.130712,-0.0797908,0.031008,0.14603,-0.381155,-0.147708,0.278405,-0.0728922,-0.107689,-0.0247787,-0.145951,0.119355,0.281172,0.271306,0.24959,0.284701,0.157518,0.305861,0.321885,0.246812,0.286617,0,0,0,
0,0.280407,0.179941,-0.052067,0.889305,-0.338696,0.0964525,-0.19549,0.284313,-0.140169,-0.127226,-0.0688709,0.0314375,0.14721,-0.37872,-0.149782,0.262699,-0.0701859,-0.103851,-0.0228815,-0.14629,0.119589,0.282893,0.271466,0.249493,0.284901,0.157355,0.305741,0.32253,0.247812,0.287204,0,0,0,
0,0.264741,0.178294,-0.0396084,0.909614,-0.331971,0.0958438,-0.192216,0.279948,-0.166972,-0.123577,-0.0350995,0.0267937,0.14594,-0.366988,-0.159311,0.231883,-0.0641165,-0.0807553,-0.0219,-0.146342,0.119346,0.2845,0.270874,0.248449,0.284036,0.158704,0.305376,0.322926,0.248285,0.287025,0,0,0,
0,0.261599,0.177092,-0.0338142,0.906992,-0.327923,0.0978446,-0.192772,0.278236,-0.187382,-0.121975,-0.0187089,0.0249414,0.145414,-0.361744,-0.162195,0.234428,-0.0607996,-0.0749322,-0.0215707,-0.146829,0.119349,0.284698,0.270841,0.248074,0.284306,0.158529,0.305185,0.323461,0.248292,0.287135,0,0,0,
0,0.247937,0.175779,-0.0238267,0.908481,-0.31865,0.100915,-0.193024,0.277451,-0.207933,-0.123582,0.00485844,0.01874,0.14431,-0.352622,-0.168574,0.197534,-0.0564756,-0.0518459,-0.0235839,-0.144451,0.119718,0.284934,0.271246,0.247535,0.283948,0.159015,0.304896,0.323999,0.248609,0.287266,0,0,0,
0,0.234949,0.173402,-0.015188,0.889515,-0.305606,0.107903,-0.195032,0.274862,-0.193813,-0.127668,0.0142915,0.0139536,0.140224,-0.344972,-0.172579,0.206045,-0.0525021,-0.0410429,-0.0254591,-0.142644,0.119815,0.284923,0.270231,0.246964,0.283052,0.158915,0.305116,0.324839,0.248749,0.286265,0,0,0,
0,0.226025,0.172018,-0.0106651,0.88617,-0.298306,0.11133,-0.196577,0.272644,-0.189161,-0.129093,0.00901275,0.0141739,0.1397,-0.340285,-0.176405,0.183368,-0.0511712,-0.0348432,-0.0273498,-0.140117,0.119826,0.285055,0.269824,0.247069,0.283143,0.158812,0.305211,0.325167,0.248658,0.286133,0,0,0,
0,0.213424,0.168272,-0.00348616,0.878173,-0.285042,0.118368,-0.200785,0.26669,-0.224181,-0.128455,0.0307598,0.0111478,0.133554,-0.333803,-0.181392,0.164175,-0.0500388,-0.00575773,-0.0285222,-0.139625,0.118666,0.284686,0.270536,0.246777,0.283247,0.158763,0.305613,0.326254,0.249059,0.286117,0,0,0,
0,0.195509,0.165613,0.00488292,0.855175,-0.271665,0.121156,-0.199712,0.260617,-0.188197,-0.134348,0.0194904,0.0103213,0.130535,-0.329291,-0.185539,0.151384,-0.0491543,0.000763518,-0.0287616,-0.135888,0.117934,0.28448,0.270502,0.245764,0.28247,0.158644,0.306247,0.326964,0.248884,0.285028,0,0,0,
0,0.189746,0.164232,0.00835814,0.843856,-0.266989,0.121466,-0.197055,0.258682,-0.197705,-0.13486,0.0275009,0.00812758,0.125393,-0.327172,-0.187694,0.141823,-0.0488725,0.0100812,-0.0283736,-0.135634,0.117524,0.284686,0.271021,0.245572,0.282421,0.158419,0.306538,0.327353,0.249113,0.285231,0,0,0,
0,0.178582,0.162071,0.0148645,0.832369,-0.25992,0.12056,-0.20054,0.249952,-0.134969,-0.139667,-0.00270305,0.0139477,0.127754,-0.322242,-0.194642,0.119473,-0.04802,0.0286384,-0.0290619,-0.131286,0.11705,0.285021,0.271037,0.245005,0.281716,0.158681,0.307255,0.327854,0.249295,0.285058,0,0,0,
0,0.169151,0.160597,0.0208532,0.819406,-0.253615,0.116542,-0.198099,0.244164,-0.0864684,-0.139778,-0.0390712,0.0202335,0.13132,-0.317792,-0.198293,0.071671,-0.047863,0.0672847,-0.0326546,-0.126438,0.116787,0.285337,0.270782,0.24479,0.281093,0.161522,0.308258,0.328358,0.249746,0.284861,0,0,0,
0,0.16357,0.160064,0.0240598,0.813204,-0.250776,0.1146,-0.198191,0.240255,-0.0793225,-0.137066,-0.0507729,0.024136,0.133905,-0.31526,-0.200663,0.0578831,-0.0485962,0.0825189,-0.0345868,-0.122141,0.11645,0.285281,0.270488,0.244773,0.281009,0.162572,0.3087,0.328398,0.249799,0.284561,0,0,0,
0,0.155159,0.158637,0.0294843,0.814276,-0.246378,0.11284,-0.195673,0.235255,-0.0862884,-0.129485,-0.0521937,0.0310906,0.137464,-0.311877,-0.203016,0.0150212,-0.0513168,0.125616,-0.0364113,-0.119615,0.117116,0.285396,0.270458,0.245086,0.281746,0.164057,0.309457,0.328561,0.249984,0.284174,0,0,0,
0,0.15177,0.157889,0.0316648,0.788829,-0.24422,0.110335,-0.19456,0.233253,-0.0937713,-0.125313,-0.0413801,0.0340767,0.136657,-0.309921,-0.206962,-6.88707e-05,-0.0527762,0.150402,-0.0357402,-0.120671,0.116508,0.285551,0.270447,0.245214,0.2815,0.164429,0.310222,0.329059,0.250129,0.285241,0,0,0,
0,0.144666,0.155696,0.0377791,0.757788,-0.239665,0.107021,-0.190334,0.230438,-0.113206,-0.115567,-0.0184407,0.0379254,0.135688,-0.308181,-0.211858,0.0126049,-0.0537757,0.16487,-0.0328289,-0.121669,0.115763,0.285647,0.270165,0.245239,0.281895,0.165028,0.311083,0.329406,0.250941,0.285212,0,0,0,
0,0.134515,0.154336,0.0445299,0.712664,-0.239445,0.103148,-0.186979,0.227808,-0.155476,-0.106203,0.0133884,0.0390896,0.136822,-0.306977,-0.216618,-0.0136568,-0.0542323,0.180047,-0.0292571,-0.12329,0.115546,0.285853,0.270199,0.245412,0.282124,0.165383,0.311818,0.330095,0.251182,0.285228,0,0,0,
0,0.129078,0.155022,0.0474257,0.708241,-0.239585,0.10142,-0.186035,0.227075,-0.178783,-0.103731,0.031652,0.0388909,0.13694,-0.306904,-0.219201,-0.0146944,-0.0537128,0.183472,-0.0275717,-0.123099,0.115635,0.285949,0.270243,0.245485,0.282309,0.165403,0.311844,0.330325,0.251159,0.285519,0,0,0,
0,0.121395,0.155844,0.0525955,0.591717,-0.233086,0.0807617,-0.182565,0.226128,-0.2105,-0.10048,0.0679165,0.0363587,0.135358,-0.304031,-0.22568,-0.0261162,-0.0509901,0.194124,-0.0228749,-0.125165,0.115427,0.286462,0.270455,0.245511,0.282197,0.16654,0.31165,0.331081,0.251466,0.286156,0,0,0,
0,0.109295,0.157312,0.0583709,0.437707,-0.211648,0.0519211,-0.180975,0.225606,-0.207845,-0.100639,0.072679,0.0321332,0.135478,-0.301418,-0.230816,-0.0647726,-0.0486803,0.220746,-0.017934,-0.127651,0.114919,0.287052,0.270694,0.245834,0.282131,0.166316,0.311119,0.331441,0.252435,0.287356,0,0,0,
0,0.103552,0.157665,0.0609332,0.317195,-0.193449,0.0355877,-0.181601,0.224744,-0.203932,-0.102314,0.0704107,0.0298043,0.135224,-0.30042,-0.232394,-0.0410683,-0.0438661,0.214718,-0.017792,-0.127413,0.115111,0.287544,0.270957,0.24574,0.282111,0.166369,0.310924,0.331498,0.252687,0.287764,0,0,0,
0,0.0902099,0.160252,0.0640508,0.0306206,-0.162792,-0.00174081,-0.183433,0.224411,-0.195845,-0.105506,0.0675704,0.0272911,0.131414,-0.294849,-0.236622,-0.0703492,-0.0415256,0.228604,-0.020451,-0.127661,0.11507,0.288511,0.270836,0.246484,0.28276,0.166157,0.310048,0.331753,0.252965,0.287616,0,0,0,
0,0.0758072,0.16384,0.0679006,-0.231548,-0.14119,-0.0387989,-0.18693,0.219416,-0.180227,-0.106274,0.067074,0.0282384,0.12801,-0.292117,-0.238491,-0.0847661,-0.0419344,0.25539,-0.023055,-0.130029,0.114765,0.289355,0.27132,0.24616,0.282164,0.167002,0.308961,0.332427,0.252966,0.288911,0,0,0,
0,0.0681788,0.165589,0.0711811,-0.36133,-0.130599,-0.0624224,-0.186733,0.217516,-0.180027,-0.105651,0.0634455,0.0298243,0.128667,-0.29029,-0.240506,-0.0899785,-0.0427163,0.260898,-0.0246714,-0.128799,0.11468,0.28936,0.271542,0.246486,0.282512,0.167315,0.308457,0.332275,0.253038,0.288272,0,0,0,
0,0.0571427,0.168071,0.0783222,-0.534781,-0.118465,-0.10102,-0.187577,0.211119,-0.193572,-0.10357,0.0736577,0.0307508,0.129211,-0.290403,-0.242772,-0.0773666,-0.0437343,0.265757,-0.0237835,-0.129502,0.114956,0.289883,0.271642,0.246826,0.28251,0.16775,0.307855,0.332635,0.253623,0.288877,0,0,0,
0,0.0458247,0.169023,0.0853956,-0.612545,-0.115944,-0.125235,-0.188378,0.204399,-0.216098,-0.103597,0.097214,0.0280659,0.130378,-0.290581,-0.245501,-0.0967132,-0.0443167,0.285139,-0.0201194,-0.130771,0.115046,0.289612,0.271326,0.246642,0.281856,0.167841,0.307539,0.333591,0.254948,0.290539,0,0,0,
0,0.042336,0.169521,0.0880818,-0.64269,-0.117644,-0.133877,-0.188943,0.202554,-0.210009,-0.105284,0.103271,0.02537,0.129486,-0.290856,-0.246624,-0.109109,-0.0446638,0.295025,-0.018013,-0.130456,0.114865,0.289326,0.271171,0.246466,0.281132,0.167661,0.307524,0.333948,0.255616,0.29077,0,0,0,
0,0.0370313,0.172087,0.0932084,-0.667433,-0.125777,-0.144412,-0.195476,0.19402,-0.232497,-0.109713,0.120756,0.0233505,0.13057,-0.291684,-0.246826,-0.131312,-0.0424352,0.313869,-0.0141475,-0.130881,0.114682,0.289682,0.271187,0.246177,0.281893,0.167337,0.307376,0.334268,0.255875,0.291396,0,0,0,
0,0.0310439,0.174694,0.0973321,-0.695714,-0.141606,-0.154849,-0.198188,0.189395,-0.231004,-0.115081,0.127346,0.0208863,0.129235,-0.290775,-0.24523,-0.154697,-0.0404936,0.331664,-0.0129202,-0.13267,0.114243,0.289983,0.271067,0.245893,0.281368,0.167796,0.307068,0.334481,0.256523,0.291453,0,0,0,
0,0.0288212,0.174876,0.0982982,-0.715742,-0.149205,-0.159973,-0.198829,0.187881,-0.210719,-0.117924,0.121067,0.0200487,0.127812,-0.289623,-0.24455,-0.141871,-0.0376566,0.331795,-0.0132989,-0.133725,0.113865,0.289902,0.271268,0.245984,0.281345,0.167928,0.307133,0.334657,0.256863,0.29182,0,0,0,
0,0.0215341,0.173616,0.099588,-0.786753,-0.159464,-0.165773,-0.198191,0.184601,-0.190709,-0.122347,0.105493,0.0211357,0.127476,-0.286188,-0.2438,-0.151846,-0.0365593,0.336756,-0.0169263,-0.134331,0.112382,0.290811,0.271511,0.246975,0.282066,0.168102,0.307869,0.335107,0.25788,0.292346,0,0,0,
0,0.0201765,0.17205,0.10036,-0.853188,-0.164898,-0.167862,-0.197262,0.183451,-0.168386,-0.123861,0.0981451,0.0225227,0.124997,-0.285101,-0.243564,-0.140066,-0.0374273,0.334958,-0.0191415,-0.134516,0.111345,0.291281,0.272162,0.247461,0.282165,0.16826,0.30926,0.335359,0.258584,0.292782,0,0,0,
0,0.0101995,0.169786,0.102015,-0.976072,-0.176657,-0.177006,-0.194579,0.183223,-0.138709,-0.121471,0.0800504,0.0314832,0.122603,-0.286303,-0.240755,-0.121664,-0.0428855,0.326998,-0.0233424,-0.136458,0.109199,0.291851,0.271973,0.247827,0.282424,0.168634,0.311712,0.336239,0.260795,0.295736,0,0,0,
0,-0.00250993,0.170377,0.102762,-1.15201,-0.202449,-0.194086,-0.195137,0.180034,-0.145585,-0.111752,0.0938398,0.045346,0.12143,-0.291984,-0.23964,-0.0978718,-0.0516013,0.333129,-0.0289957,-0.140848,0.108003,0.292204,0.272919,0.249586,0.28294,0.169848,0.312394,0.337262,0.262927,0.299238,0,0,0,
0,-0.0269399,0.177275,0.103029,-1.21426,-0.212403,-0.195424,-0.194309,0.183861,-0.174561,-0.103511,0.112783,0.0551784,0.120886,-0.301236,-0.233938,-0.105878,-0.0616576,0.331452,-0.0317776,-0.137578,0.105611,0.29247,0.27315,0.25044,0.282609,0.170477,0.312638,0.337603,0.26347,0.299937,0,0,0,
0,-0.0690064,0.192432,0.103255,-1.35888,-0.22573,-0.184672,-0.196693,0.181498,-0.299878,-0.0856326,0.227481,0.0775895,0.111116,-0.318997,-0.228507,-0.122473,-0.0801143,0.334697,-0.0357161,-0.139563,0.102889,0.29293,0.273098,0.251088,0.281948,0.170382,0.312658,0.338025,0.265122,0.301702,0,0,0,
0,-0.129618,0.209507,0.106459,-1.44352,-0.228277,-0.17305,-0.19211,0.182456,-0.5029,-0.0792164,0.409743,0.10986,0.0972413,-0.338767,-0.231306,-0.179477,-0.103735,0.363676,-0.0342761,-0.140074,0.0981585,0.292318,0.27326,0.250585,0.281766,0.168371,0.311477,0.338322,0.267274,0.304706,0,0,0,
0,-0.16614,0.218742,0.111647,-1.45197,-0.229203,-0.170606,-0.187503,0.179667,-0.684558,-0.08084,0.540074,0.125435,0.0905762,-0.349698,-0.230739,-0.211729,-0.114201,0.378057,-0.0293442,-0.142294,0.096087,0.291335,0.273224,0.249876,0.281654,0.167632,0.310893,0.33846,0.267968,0.305523,0,0,0,
0,-0.220168,0.225944,0.122638,-1.43829,-0.233436,-0.172075,-0.184728,0.174771,-0.89258,-0.0993746,0.767298,0.137884,0.0857584,-0.365004,-0.238032,-0.260849,-0.125487,0.412153,-0.0096015,-0.152188,0.0956501,0.29067,0.272606,0.250495,0.281231,0.166031,0.309979,0.339274,0.269452,0.307632,0,0,0,
0,-0.253424,0.220571,0.130495,-1.45037,-0.245503,-0.181016,-0.184499,0.180435,-0.951023,-0.116124,0.873519,0.115082,0.0866585,-0.366044,-0.259261,-0.38171,-0.132958,0.490186,0.0189643,-0.174933,0.0987127,0.291002,0.273119,0.250657,0.280454,0.164269,0.305477,0.338419,0.273285,0.308172,0,0,0,
0,-0.268163,0.217482,0.133569,-1.43341,-0.248609,-0.186276,-0.192476,0.184793,-0.933603,-0.117499,0.882724,0.0923262,0.0849127,-0.364673,-0.268682,-0.478579,-0.148611,0.568346,0.0416353,-0.203031,0.103763,0.289709,0.27314,0.250232,0.278695,0.16675,0.303276,0.337229,0.273495,0.313139,0,0,0,
0,-0.298544,0.209939,0.138346,-1.42135,-0.261847,-0.193197,-0.214105,0.196984,-0.886177,-0.114997,0.834962,0.0712261,0.0883327,-0.365525,-0.261779,-0.392775,-0.0760587,0.565633,0.052541,-0.22632,0.108157,0.290317,0.275401,0.250738,0.277539,0.167895,0.300213,0.34104,0.278057,0.313985,0,0,0,
0,-0.308028,0.203516,0.140027,-1.39438,-0.270905,-0.194365,-0.232216,0.20907,-0.739215,-0.104592,0.747532,0.0157133,0.0845236,-0.352793,-0.29767,-1.03551,-0.0277873,0.921195,0.0316973,-0.246493,0.110484,0.287573,0.273123,0.250057,0.273768,0.17048,0.297152,0.343014,0.280852,0.316463,0,0,0,
0,-0.316723,0.19725,0.139367,-1.39241,-0.281287,-0.19656,-0.241323,0.211675,-0.606046,-0.103667,0.644375,0.00035436,0.0897593,-0.346279,-0.309784,-1.32744,-0.0288381,1.2163,0.0256066,-0.257416,0.107854,0.290215,0.274302,0.252476,0.273331,0.173085,0.295743,0.343648,0.27966,0.316765,0,0,0,
0,-0.324887,0.185733,0.135603,-1.36229,-0.289926,-0.199169,-0.261577,0.214416,-0.466439,-0.116763,0.503062,-0.0497008,0.0775886,-0.338254,-0.327074,-0.0214702,-0.0548493,0.791242,0.0456905,-0.274711,0.108602,0.286709,0.268056,0.250346,0.271144,0.176836,0.293632,0.347303,0.280736,0.315753,0,0,0,
0,-0.334345,0.182713,0.1328,-1.35217,-0.297048,-0.193077,-0.269082,0.21718,-0.319579,-0.135847,0.408186,-0.0656717,0.0669063,-0.328458,-0.352827,0.634896,-0.0569757,0.198685,0.0539115,-0.249589,0.109904,0.281538,0.265887,0.246813,0.266274,0.179451,0.293149,0.348446,0.28134,0.316994,0,0,0,
0,-0.349408,0.175209,0.127749,-1.33001,-0.30698,-0.188059,-0.293231,0.210227,-0.226733,-0.160246,0.27821,-0.0544133,0.0653807,-0.312186,-0.382861,1.18935,-0.0561092,-0.606554,0.046033,-0.198024,0.0998562,0.279618,0.264155,0.247644,0.268479,0.182856,0.293585,0.349725,0.284681,0.31805,0,0,0,
0,-0.361229,0.171581,0.121209,-1.31178,-0.312763,-0.183574,-0.321628,0.195756,-0.146975,-0.178082,0.213295,-0.0473343,0.0518674,-0.291492,-0.413714,-0.727312,-0.0503993,0.472204,0.0396847,-0.226992,0.0960976,0.274965,0.26021,0.247931,0.265399,0.184135,0.293473,0.351189,0.286626,0.318309,0,0,0,
0,-0.370288,0.16857,0.116706,-1.29906,-0.316085,-0.181442,-0.328762,0.192484,-0.120998,-0.183686,0.185349,-0.0404937,0.0507836,-0.279377,-0.425131,-0.892212,-0.0621081,0.827263,0.0330786,-0.234223,0.0947237,0.275024,0.261505,0.247217,0.263152,0.185038,0.29371,0.350889,0.287025,0.319608,0,0,0,
0,-0.38793,0.163992,0.111001,-1.27524,-0.32952,-0.175987,-0.341104,0.175457,-0.101786,-0.194882,0.166587,-0.0330133,0.0499785,-0.256001,-0.44779,-1.03642,-0.0579964,1.2156,0.0205346,-0.226423,0.0938522,0.273799,0.257081,0.244041,0.261421,0.185524,0.292949,0.352343,0.288451,0.323277,0,0,0,
0,-0.396787,0.162916,0.107425,-1.25699,-0.343913,-0.169048,-0.346941,0.163058,-0.064117,-0.211287,0.15764,-0.0264133,0.0518172,-0.227192,-0.472078,-0.996143,-0.0700976,1.32113,0.0216007,-0.223737,0.0935222,0.274189,0.259001,0.244617,0.262828,0.186198,0.292762,0.352197,0.287665,0.323836,0,0,0,
0,-0.40423,0.162452,0.105578,-1.25079,-0.353544,-0.163337,-0.349858,0.161301,-0.0646512,-0.216155,0.16783,-0.0219072,0.0538138,-0.214461,-0.479768,-0.980645,-0.073914,1.32023,0.0200308,-0.214627,0.0931504,0.273112,0.258456,0.244267,0.26244,0.18662,0.292668,0.352173,0.287524,0.32363,0,0,0,
0,-0.410326,0.164562,0.104546,-1.23698,-0.365169,-0.15352,-0.356043,0.16856,-0.0486866,-0.222211,0.166352,-0.00427454,0.0672988,-0.187703,-0.497868,-0.931062,-0.0849488,1.32141,0.0242297,-0.221939,0.0932116,0.273285,0.258162,0.245403,0.263515,0.186522,0.292493,0.351257,0.28752,0.32511,0,0,0,
0,-0.417348,0.167147,0.104443,-1.22676,-0.376125,-0.147211,-0.356934,0.182202,-0.0547176,-0.215281,0.168829,0.0169329,0.0761717,-0.174657,-0.50464,-0.907603,-0.0812117,1.32419,0.0235049,-0.221651,0.0942381,0.274096,0.259145,0.246675,0.264826,0.18597,0.290542,0.351343,0.287054,0.327148,0,0,0,
0,-0.415079,0.168383,0.10457,-1.22124,-0.379741,-0.146307,-0.356604,0.188906,-0.0608486,-0.206571,0.173345,0.0284112,0.0782853,-0.168596,-0.509289,-0.893513,-0.0791589,1.32661,0.021753,-0.222364,0.0961315,0.274438,0.259458,0.247113,0.265304,0.186009,0.290142,0.351663,0.287671,0.328389,0,0,0,
0,-0.415426,0.168142,0.106061,-1.2091,-0.385877,-0.144237,-0.351261,0.201406,-0.0953602,-0.174735,0.194577,0.0529738,0.0811232,-0.163221,-0.516273,-0.846512,-0.0772312,1.31403,0.019883,-0.221382,0.0981956,0.274593,0.259955,0.247838,0.266771,0.185387,0.288513,0.352535,0.288919,0.330615,0,0,0,
0,-0.41372,0.17002,0.107565,-1.20152,-0.392771,-0.140631,-0.342727,0.208038,-0.159028,-0.140699,0.240958,0.0772488,0.0819616,-0.162067,-0.522238,-0.790035,-0.0804796,1.28251,0.0207169,-0.220037,0.0946448,0.27628,0.261076,0.2487,0.268134,0.184721,0.286927,0.353159,0.289191,0.332093,0,0,0,
0,-0.413896,0.169678,0.108143,-1.19729,-0.394085,-0.140262,-0.335175,0.209752,-0.226399,-0.123006,0.286354,0.0840242,0.0815796,-0.16022,-0.52472,-0.763967,-0.0818187,1.26375,0.0216383,-0.219093,0.0937516,0.277231,0.261842,0.249006,0.268904,0.184173,0.286449,0.353318,0.289118,0.332652,0,0,0,
0,-0.411557,0.168163,0.109895,-1.19172,-0.394069,-0.140895,-0.314037,0.209414,-0.399278,-0.097037,0.429012,0.0995399,0.0771577,-0.155257,-0.529059,-0.714091,-0.0825327,1.22291,0.0226666,-0.215869,0.0965087,0.279098,0.263923,0.249752,0.270527,0.183786,0.286321,0.353488,0.28884,0.33335,0,0,0,
0,-0.409211,0.168034,0.110957,-1.19007,-0.39379,-0.141361,-0.30394,0.208029,-0.504232,-0.0909329,0.519844,0.102924,0.0736725,-0.154368,-0.529544,-0.688545,-0.0818353,1.20268,0.0216328,-0.215801,0.0968854,0.280021,0.264865,0.249909,0.270992,0.181916,0.286512,0.3535,0.2885,0.333552,0,0,0,
0,-0.405839,0.167394,0.113359,-1.18651,-0.392189,-0.143757,-0.281196,0.205277,-0.686099,-0.0913869,0.704917,0.115078,0.0658275,-0.152467,-0.528999,-0.649844,-0.0794105,1.16139,0.0194556,-0.21688,0.0999822,0.281364,0.266015,0.250074,0.272044,0.180123,0.286974,0.353532,0.287796,0.333859,0,0,0,
0,-0.401903,0.167041,0.116536,-1.19459,-0.386117,-0.140971,-0.263454,0.203802,-0.774936,-0.0973185,0.824709,0.12478,0.0630739,-0.135919,-0.544634,-0.592048,-0.0891398,1.11227,0.0172673,-0.213701,0.101442,0.282555,0.266608,0.250512,0.273166,0.178327,0.287436,0.353649,0.287866,0.334844,0,0,0,
0,-0.399563,0.166225,0.118241,-1.19708,-0.378985,-0.141593,-0.256387,0.204367,-0.829443,-0.106478,0.877965,0.130656,0.0594095,-0.131546,-0.549801,-0.569585,-0.093503,1.09184,0.0184165,-0.2148,0.102438,0.283276,0.266918,0.250953,0.273628,0.177608,0.287574,0.353826,0.288059,0.335552,0,0,0,
0,-0.395526,0.165185,0.11949,-1.20198,-0.369307,-0.140411,-0.247783,0.207088,-0.87812,-0.116393,0.948329,0.133512,0.051046,-0.12885,-0.555005,-0.533943,-0.0984267,1.06554,0.0200856,-0.218169,0.104619,0.283975,0.267438,0.251721,0.273922,0.176535,0.287716,0.354497,0.28902,0.336911,0,0,0,
0,-0.394014,0.164785,0.119674,-1.20248,-0.361162,-0.138778,-0.24383,0.208267,-0.889711,-0.119728,0.973893,0.124153,0.0459608,-0.128953,-0.556293,-0.502867,-0.101403,1.04251,0.0226868,-0.218226,0.106129,0.283874,0.267261,0.252107,0.273612,0.17608,0.288036,0.354886,0.289899,0.338139,0,0,0,
0,-0.393146,0.164089,0.118724,-1.20289,-0.357476,-0.138382,-0.244387,0.208583,-0.880809,-0.118956,0.969796,0.115968,0.0459616,-0.128997,-0.555695,-0.494375,-0.10216,1.0327,0.0253054,-0.217892,0.105372,0.283733,0.267108,0.252318,0.27351,0.175587,0.288372,0.355115,0.290003,0.338384,0,0,0,
0,-0.394836,0.162868,0.116882,-1.19947,-0.352998,-0.139043,-0.248288,0.20875,-0.825119,-0.112147,0.925666,0.0889665,0.047778,-0.129735,-0.551677,-0.482889,-0.101046,1.0194,0.0280878,-0.217689,0.10676,0.282856,0.265458,0.251985,0.272046,0.174737,0.288721,0.355088,0.289907,0.33919,0,0,0,
0,-0.400935,0.16301,0.116048,-1.1963,-0.350963,-0.142714,-0.256274,0.207837,-0.694305,-0.102626,0.829495,0.0538058,0.0525538,-0.128832,-0.547888,-0.469953,-0.0991643,1.00826,0.0289767,-0.219804,0.104762,0.281508,0.263627,0.251698,0.270619,0.174168,0.289271,0.355185,0.289672,0.339671,0,0,0,
0,-0.406599,0.163527,0.115741,-1.19481,-0.348218,-0.143413,-0.260501,0.207681,-0.611783,-0.100202,0.759405,0.0341466,0.0547958,-0.127527,-0.546165,-0.463772,-0.098885,1.00319,0.0291889,-0.220552,0.105334,0.279898,0.262184,0.251583,0.269442,0.173869,0.289497,0.355182,0.289653,0.339955,0,0,0,
0,-0.41661,0.167218,0.115477,-1.19524,-0.344643,-0.138864,-0.271709,0.207624,-0.437144,-0.100639,0.606981,8.54519e-05,0.0584084,-0.127464,-0.542852,-0.451322,-0.0994797,0.995799,0.0302085,-0.222909,0.104914,0.277785,0.260709,0.250954,0.268403,0.173448,0.290085,0.3554,0.28994,0.340565,0,0,0,
0,-0.42303,0.168972,0.116164,-1.19502,-0.339279,-0.135845,-0.282585,0.204202,-0.250748,-0.116025,0.437893,-0.0124923,0.0615487,-0.12694,-0.538863,-0.448012,-0.0976653,0.993364,0.0313699,-0.223309,0.100935,0.275911,0.259092,0.251129,0.267946,0.173007,0.289947,0.355277,0.289569,0.340818,0,0,0,
0,-0.424934,0.169199,0.11668,-1.19484,-0.337653,-0.135529,-0.287578,0.203386,-0.196242,-0.122688,0.372249,-0.0182338,0.0626387,-0.126416,-0.536345,-0.447335,-0.0977612,0.993467,0.0312938,-0.224253,0.101314,0.274648,0.257947,0.251082,0.26736,0.172519,0.290046,0.355514,0.289673,0.341432,0,0,0,
0,-0.429235,0.169542,0.117997,-1.19349,-0.336896,-0.136312,-0.295115,0.200732,-0.105283,-0.141164,0.26682,-0.0191327,0.0650601,-0.125711,-0.532913,-0.438523,-0.0993132,0.990011,0.0293751,-0.225921,0.0990294,0.273591,0.256802,0.251515,0.267024,0.171897,0.289862,0.355527,0.289928,0.34217,0,0,0,
0,-0.433062,0.169149,0.119146,-1.19154,-0.337405,-0.137223,-0.296633,0.199309,-0.0750332,-0.147622,0.228534,-0.016935,0.0657022,-0.125796,-0.532374,-0.429974,-0.0997752,0.983832,0.028722,-0.227053,0.0988029,0.273083,0.256397,0.251648,0.266992,0.171636,0.28986,0.355452,0.289872,0.342437,0,0,0,
0,-0.440379,0.167626,0.121359,-1.19282,-0.338561,-0.137493,-0.297424,0.195046,-0.037347,-0.158526,0.17635,-0.00896379,0.0690738,-0.126604,-0.533231,-0.413413,-0.0963721,0.968566,0.0287875,-0.227493,0.0979474,0.272528,0.25619,0.251863,0.267218,0.171247,0.290122,0.355265,0.289506,0.342875,0,0,0,
0,-0.446997,0.165362,0.12319,-1.20001,-0.339783,-0.133867,-0.296171,0.189407,-0.0223777,-0.164566,0.152489,-0.000936803,0.0736009,-0.128639,-0.534096,-0.414,-0.0966127,0.962594,0.0305317,-0.231416,0.0977532,0.271834,0.25599,0.25206,0.267358,0.171282,0.290549,0.355429,0.289465,0.34289,0,0,0,
0,-0.449811,0.163874,0.124182,-1.21019,-0.343257,-0.133082,-0.295966,0.185436,-0.0143909,-0.166691,0.144039,0.00293488,0.0774746,-0.128234,-0.535989,-0.413505,-0.0946836,0.960801,0.0308062,-0.231941,0.097624,0.272026,0.25531,0.252193,0.267967,0.171155,0.290397,0.355028,0.289347,0.342997,0,0,0,
0,-0.453423,0.160634,0.124789,-1.21071,-0.338244,-0.125512,-0.29054,0.185133,-0.0275003,-0.169631,0.138873,0.00952808,0.0881606,-0.130967,-0.536261,-0.411857,-0.0887575,0.958931,0.0309856,-0.234746,0.0978444,0.272007,0.257265,0.253163,0.268912,0.170645,0.290743,0.355457,0.290342,0.344535,0,0,0,
0,-0.456485,0.154513,0.123816,-1.22272,-0.337107,-0.123669,-0.284907,0.185115,0.00157922,-0.174303,0.11757,0.0172383,0.0997192,-0.127123,-0.541571,-0.409925,-0.0820216,0.963286,0.0265585,-0.233822,0.0978053,0.275324,0.257497,0.254366,0.269204,0.171785,0.289449,0.355521,0.290695,0.344767,0,0,0,
0,-0.460428,0.151053,0.121702,-1.22758,-0.336744,-0.124118,-0.279998,0.188858,-0.0238049,-0.17378,0.123982,0.0190553,0.101158,-0.132648,-0.539441,-0.395545,-0.0757414,0.956795,0.0251261,-0.232974,0.0980552,0.271952,0.256982,0.253732,0.268973,0.1712,0.288897,0.355467,0.291361,0.34636,0,0,0,
0,-0.45785,0.143636,0.117597,-1.23481,-0.337006,-0.12438,-0.274644,0.19383,-0.0283086,-0.17346,0.126362,0.0266527,0.107817,-0.139676,-0.537583,-0.388223,-0.0740899,0.942511,0.0198404,-0.228723,0.0984982,0.269514,0.258462,0.255182,0.269392,0.171372,0.288391,0.356479,0.290246,0.348117,0,0,0,
0,-0.445668,0.138694,0.115351,-1.24442,-0.339194,-0.123798,-0.27154,0.197509,-0.0324601,-0.171639,0.126384,0.0301027,0.1105,-0.143548,-0.536643,-0.368139,-0.0699915,0.928503,0.015936,-0.224306,0.0988971,0.270013,0.257204,0.255985,0.269022,0.172314,0.288237,0.356079,0.289248,0.347117,0,0,0,
0,-0.439022,0.131545,0.109957,-1.22939,-0.339073,-0.123543,-0.254822,0.219026,-0.025424,-0.167507,0.109906,0.0330961,0.113636,-0.146565,-0.537543,-0.355222,-0.0745161,0.892039,0.00236691,-0.201407,0.0996613,0.271368,0.258135,0.257766,0.26889,0.176176,0.285426,0.355141,0.288966,0.348493,0,0,0,
0,-0.42075,0.123318,0.102927,-1.2354,-0.337958,-0.123114,-0.249199,0.228499,-0.042013,-0.159491,0.108098,0.0345798,0.112281,-0.144296,-0.538891,-0.37369,-0.0978129,0.897006,-0.00143888,-0.197757,0.102267,0.27204,0.259714,0.257692,0.269649,0.174527,0.286443,0.353902,0.292314,0.348515,0,0,0,
0,-0.407498,0.11755,0.0981293,-1.24586,-0.337874,-0.122162,-0.244699,0.235406,-0.0390875,-0.155191,0.105104,0.0386108,0.116065,-0.148759,-0.536647,-0.371296,-0.108598,0.905794,-0.000301027,-0.1991,0.102687,0.272934,0.260925,0.261173,0.274914,0.173236,0.286168,0.356916,0.292411,0.350358,0,0,0,
0,-0.388682,0.108722,0.0901077,-1.22981,-0.332606,-0.119886,-0.231643,0.257566,0.00476682,-0.149526,0.0547565,0.0478157,0.126621,-0.168703,-0.524941,-0.356906,-0.122825,0.875136,-0.00419418,-0.181881,0.104919,0.275676,0.265243,0.265032,0.274644,0.175108,0.284323,0.358005,0.295203,0.352677,0,0,0,
0,-0.346313,0.0962364,0.0796691,-1.21114,-0.327727,-0.117972,-0.228427,0.268556,0.028804,-0.140168,0.0230005,0.0513814,0.130636,-0.189214,-0.509036,-0.326265,-0.132824,0.851487,-0.00588626,-0.178309,0.106437,0.277308,0.268679,0.264707,0.274759,0.176166,0.282842,0.358079,0.295786,0.352632,0,0,0,
0,-0.326983,0.0901269,0.0748943,-1.20408,-0.325914,-0.118097,-0.225684,0.27443,-0.0238122,-0.128355,0.0280914,0.0515858,0.132332,-0.200948,-0.500107,-0.335647,-0.153216,0.848152,-0.0018189,-0.182292,0.106709,0.278724,0.270371,0.263993,0.276197,0.176262,0.279053,0.354828,0.292278,0.354302,0,0,0,
0,-0.283497,0.0775656,0.0651917,-1.19594,-0.322323,-0.116372,-0.21312,0.294236,0.0297351,-0.120056,-0.0061294,0.043445,0.128855,-0.220002,-0.486506,-0.329218,-0.174734,0.829398,0.00533933,-0.187379,0.106912,0.279883,0.270352,0.264592,0.277092,0.17809,0.278881,0.355987,0.293099,0.354418,0,0,0,
0,-0.234908,0.0681234,0.0537438,-1.19154,-0.318343,-0.113752,-0.208765,0.305183,0.0294517,-0.106433,-0.0324222,0.0411646,0.124499,-0.236854,-0.477195,-0.320065,-0.180946,0.809603,0.0100108,-0.19033,0.106822,0.282387,0.272629,0.264002,0.278747,0.176119,0.278882,0.356658,0.293968,0.355293,0,0,0,
0,-0.209724,0.0647777,0.047741,-1.18123,-0.314396,-0.115881,-0.209775,0.306213,0.0546081,-0.100978,-0.0458888,0.0389783,0.120434,-0.247419,-0.472129,-0.333012,-0.191155,0.807033,0.0140119,-0.194774,0.106655,0.28241,0.273798,0.264318,0.278336,0.177042,0.275575,0.355396,0.292469,0.354333,0,0,0,
0,-0.161065,0.0578034,0.0358818,-1.15479,-0.303755,-0.1185,-0.201107,0.314133,0.108026,-0.0892644,-0.0992718,0.0352358,0.115761,-0.271534,-0.456455,-0.339349,-0.190125,0.792578,0.0209346,-0.199409,0.107128,0.284336,0.27609,0.266257,0.280308,0.176418,0.273633,0.359764,0.292503,0.354794,0,0,0,
0,-0.132412,0.0527203,0.0243517,-1.13127,-0.289524,-0.117292,-0.193306,0.319376,0.118091,-0.0745569,-0.136872,0.0308023,0.110506,-0.290296,-0.442292,-0.347887,-0.187167,0.774961,0.0243094,-0.190069,0.107073,0.285066,0.278016,0.26712,0.281896,0.176581,0.277059,0.36371,0.295814,0.354528,0,0,0,
0,-0.108375,0.0493766,0.0171235,-1.12791,-0.281684,-0.115748,-0.192443,0.319191,0.159544,-0.0722273,-0.176452,0.0321459,0.109682,-0.299093,-0.433992,-0.361414,-0.188867,0.774954,0.0279966,-0.192137,0.106329,0.286113,0.278845,0.267808,0.282816,0.177051,0.279179,0.362662,0.295594,0.353615,0,0,0,
0,-0.0629192,0.044444,0.00254603,-1.10134,-0.262231,-0.111736,-0.191528,0.316547,0.162865,-0.0588773,-0.198728,0.0263979,0.101936,-0.301235,-0.427597,-0.379185,-0.188044,0.76938,0.0286163,-0.181684,0.105581,0.287095,0.279704,0.269027,0.283755,0.178081,0.289176,0.36462,0.29519,0.358105,0,0,0,
0,-0.0100464,0.0383909,-0.013359,-1.07628,-0.24624,-0.109355,-0.18656,0.316014,0.224922,-0.0546305,-0.257648,0.0222084,0.0965526,-0.306088,-0.412561,-0.412152,-0.207744,0.771269,0.0330848,-0.180776,0.104883,0.287301,0.280889,0.270089,0.283639,0.179323,0.296088,0.366821,0.297529,0.357884,0,0,0,
0,0.00781701,0.0362603,-0.01992,-1.04323,-0.236431,-0.106991,-0.185413,0.315923,0.21373,-0.0500748,-0.276208,0.0221435,0.0941349,-0.306763,-0.40653,-0.427597,-0.22095,0.766226,0.0340376,-0.176306,0.104059,0.287828,0.28124,0.270435,0.283655,0.179475,0.299618,0.365801,0.295605,0.357589,0,0,0,
0,0.0420544,0.0316175,-0.0332818,-0.972654,-0.211545,-0.102362,-0.182631,0.315324,0.253552,-0.0484422,-0.312691,0.0204833,0.0882451,-0.316141,-0.385525,-0.430862,-0.23059,0.746425,0.0384287,-0.172194,0.104004,0.28812,0.281903,0.270967,0.284243,0.181551,0.305982,0.364634,0.294548,0.355158,0,0,0,
0,0.0746317,0.0290871,-0.0466294,-0.8806,-0.175715,-0.0958084,-0.182128,0.311971,0.287174,-0.045422,-0.346614,0.0180514,0.0836022,-0.318069,-0.370892,-0.432899,-0.238917,0.723049,0.0352945,-0.159748,0.104112,0.288388,0.282061,0.270752,0.283542,0.182592,0.308185,0.361747,0.289075,0.351935,0,0,0,
0,0.0910002,0.0273337,-0.0529218,-0.856674,-0.163609,-0.0939827,-0.184014,0.308278,0.29595,-0.0441526,-0.352349,0.0160931,0.0821363,-0.32088,-0.361613,-0.426842,-0.241114,0.712015,0.0341266,-0.15358,0.104258,0.288509,0.282076,0.27072,0.283381,0.184409,0.309274,0.361233,0.287865,0.349547,0,0,0,
0,0.112567,0.0258153,-0.0618646,-0.74281,-0.127739,-0.090347,-0.184932,0.302827,0.28591,-0.0413902,-0.349344,0.0130416,0.0806833,-0.330062,-0.340904,-0.422859,-0.248143,0.689483,0.0360442,-0.145391,0.104491,0.288713,0.282105,0.270407,0.282836,0.185735,0.3166,0.360292,0.285784,0.348996,0,0,0,
0,0.123664,0.0242765,-0.0651555,-0.682415,-0.111237,-0.0909565,-0.185338,0.29985,0.290557,-0.0398665,-0.345741,0.0121419,0.0797988,-0.332119,-0.332692,-0.42072,-0.249483,0.680901,0.0376401,-0.140041,0.104559,0.288703,0.28176,0.270218,0.282663,0.185999,0.317628,0.359487,0.283942,0.347074,0,0,0,
0,0.130506,0.0229308,-0.0681254,-0.570502,-0.0844963,-0.0943541,-0.187677,0.294113,0.246545,-0.0351675,-0.319497,0.00892592,0.0800538,-0.346115,-0.302507,-0.404134,-0.238112,0.655117,0.0421607,-0.137006,0.105219,0.289074,0.281775,0.270048,0.282395,0.185781,0.326125,0.359864,0.284823,0.34613,0,0,0,
0,0.138203,0.0199356,-0.068646,-0.495274,-0.0646544,-0.0948629,-0.190349,0.287299,0.203765,-0.0326847,-0.266417,0.00345099,0.0770102,-0.350375,-0.278983,-0.409517,-0.223899,0.635216,0.0464508,-0.126183,0.105743,0.289351,0.281653,0.269918,0.281679,0.184798,0.32944,0.35789,0.283134,0.344069,0,0,0,
0,0.138044,0.0197494,-0.0676173,-0.457112,-0.059203,-0.0918058,-0.192384,0.284168,0.194871,-0.0326612,-0.248339,0.00113875,0.0758071,-0.353636,-0.261827,-0.410681,-0.214347,0.625442,0.0460021,-0.124382,0.106123,0.28966,0.281666,0.269859,0.281448,0.184332,0.330912,0.357616,0.283086,0.342937,0,0,0,
0,0.13589,0.016473,-0.0640306,-0.394259,-0.0493224,-0.0866075,-0.195327,0.276451,0.193071,-0.0342462,-0.223754,-0.00229275,0.0734499,-0.353191,-0.235293,-0.422451,-0.195631,0.612465,0.0439021,-0.122612,0.106249,0.289576,0.281322,0.269134,0.28117,0.182925,0.332477,0.356297,0.281606,0.342549,0,0,0,
0,0.129054,0.0108035,-0.057582,-0.331907,-0.0370948,-0.0838332,-0.197299,0.267647,0.180951,-0.0369959,-0.201173,-0.00647159,0.0739571,-0.349899,-0.209235,-0.432398,-0.177277,0.610446,0.0385715,-0.128135,0.106545,0.289074,0.280653,0.268328,0.280799,0.182147,0.333207,0.355331,0.281449,0.341542,0,0,0,
0,0.123806,0.00747106,-0.052964,-0.305841,-0.0304564,-0.0841617,-0.198483,0.263182,0.17896,-0.0405166,-0.193526,-0.00833838,0.0746746,-0.346568,-0.197581,-0.434327,-0.168858,0.607769,0.0356553,-0.129933,0.107479,0.288739,0.280394,0.267939,0.280164,0.181496,0.333379,0.35483,0.28112,0.340946,0,0,0,
0,0.11191,0.000694382,-0.0431343,-0.261753,-0.0206983,-0.0802691,-0.200604,0.256079,0.154795,-0.0460043,-0.167912,-0.0123279,0.0753611,-0.341148,-0.178932,-0.43159,-0.154682,0.596469,0.0321742,-0.133769,0.107378,0.288397,0.279911,0.267351,0.279916,0.180567,0.333568,0.354503,0.280646,0.340055,0,0,0,
0,0.0970921,-0.00859203,-0.0313669,-0.223048,-0.0120308,-0.0780167,-0.200648,0.249711,0.156111,-0.0535363,-0.151997,-0.0149414,0.0741559,-0.33096,-0.163955,-0.431284,-0.14148,0.584112,0.0260339,-0.134575,0.107455,0.288364,0.279291,0.26674,0.278899,0.18009,0.333777,0.354164,0.280448,0.338857,0,0,0,
0,0.0896067,-0.0135804,-0.0270039,-0.204879,-0.00743907,-0.0756647,-0.199852,0.247652,0.166808,-0.0573778,-0.152151,-0.0159207,0.0739199,-0.325207,-0.159568,-0.43102,-0.138835,0.578635,0.0238452,-0.133725,0.107765,0.28818,0.278809,0.266334,0.279441,0.179512,0.334084,0.354034,0.280261,0.338414,0,0,0,
0,0.0699592,-0.0262387,-0.0165856,-0.169171,0.00231378,-0.0735785,-0.19766,0.242397,0.225253,-0.0691308,-0.185899,-0.0134357,0.0732413,-0.312224,-0.154703,-0.449244,-0.136799,0.576961,0.023212,-0.134945,0.108681,0.287356,0.278694,0.26544,0.279236,0.177968,0.334404,0.353879,0.280194,0.337718,0,0,0,
0,0.0525654,-0.0371762,-0.00863442,-0.143631,0.00782832,-0.0718096,-0.19733,0.235392,0.252594,-0.0760251,-0.209617,-0.0103016,0.0704463,-0.302092,-0.152738,-0.452268,-0.131873,0.576624,0.0260984,-0.138867,0.108557,0.286713,0.278263,0.264311,0.279034,0.175818,0.334765,0.353997,0.280376,0.336871,0,0,0,
0,0.0426993,-0.0402936,-0.0047187,-0.130827,0.00889178,-0.0705796,-0.197861,0.22921,0.248654,-0.0779005,-0.210857,-0.00731572,0.0672606,-0.2985,-0.151555,-0.459185,-0.127176,0.576398,0.0283451,-0.140807,0.108339,0.286572,0.278173,0.264704,0.277717,0.174606,0.33493,0.353807,0.28063,0.336287,0,0,0,
0,0.0247178,-0.0396335,0.00244567,-0.108483,0.00633456,-0.0649631,-0.199661,0.215488,0.241349,-0.0814338,-0.204501,-0.00267821,0.063123,-0.297413,-0.146867,-0.47704,-0.114969,0.579523,0.0360481,-0.144665,0.107504,0.287274,0.278188,0.264174,0.278562,0.175116,0.334829,0.353925,0.281385,0.335854,0,0,0,
0,0.0165618,-0.039246,0.00517573,-0.0985515,0.00438618,-0.0613396,-0.199607,0.208056,0.245946,-0.0822733,-0.204341,-0.000843316,0.0637875,-0.296038,-0.142407,-0.502081,-0.105353,0.589705,0.0392944,-0.144289,0.107661,0.287382,0.278081,0.264218,0.279153,0.176266,0.334585,0.353896,0.281714,0.335881,0,0,0,
0,0.00722946,-0.0353888,0.00721772,-0.0830238,-0.00200349,-0.0538015,-0.199763,0.197977,0.23949,-0.0857224,-0.203295,0.0011087,0.0624274,-0.291889,-0.130279,-0.556436,-0.0871085,0.62143,0.0384937,-0.142118,0.106644,0.287991,0.277782,0.264139,0.278626,0.175782,0.333953,0.353715,0.282311,0.336131,0,0,0,
0,0.00513019,-0.0310487,0.00578385,-0.0730152,-0.0110046,-0.0488098,-0.197789,0.185593,0.224972,-0.0921497,-0.200479,0.00596433,0.0613859,-0.288025,-0.117133,-0.599702,-0.0751858,0.654405,0.0345895,-0.13968,0.106171,0.288795,0.277748,0.264837,0.278658,0.175533,0.333339,0.353461,0.282537,0.336466,0,0,0,
0,0.00559245,-0.0244274,0.00490422,-0.0676143,-0.01897,-0.0467965,-0.199397,0.18094,0.208184,-0.0952941,-0.191075,0.0102206,0.0590145,-0.287553,-0.110081,-0.613636,-0.0707065,0.664859,0.0308492,-0.139382,0.104947,0.288158,0.277137,0.264351,0.278731,0.174848,0.332952,0.353094,0.282325,0.336686,0,0,0,
0,0.00802869,-0.0092046,0.00365083,-0.0616785,-0.0345278,-0.0432914,-0.202214,0.16764,0.207976,-0.0967344,-0.183915,0.0155628,0.05418,-0.285936,-0.0974622,-0.59843,-0.0628422,0.661141,0.0211506,-0.141113,0.103194,0.287542,0.277584,0.263825,0.278849,0.175039,0.332606,0.352598,0.282116,0.336434,0,0,0,
0,0.00573403,0.00309067,0.00470873,-0.0533608,-0.0394465,-0.0425715,-0.200603,0.157004,0.210415,-0.0947595,-0.173317,0.0219848,0.0472034,-0.28427,-0.0879971,-0.566891,-0.0578526,0.631554,0.0144516,-0.141809,0.103262,0.286743,0.277103,0.262898,0.278603,0.174648,0.332408,0.352154,0.282125,0.336081,0,0,0,
0,0.00398634,0.00664065,0.00610193,-0.0494002,-0.0384128,-0.0427484,-0.197814,0.151217,0.211656,-0.0928228,-0.170656,0.0257963,0.0431879,-0.283094,-0.0863998,-0.558706,-0.0552146,0.618526,0.0122394,-0.141599,0.102368,0.286139,0.27726,0.262253,0.278219,0.174685,0.332457,0.352018,0.282006,0.335874,0,0,0,
0,-0.00252527,0.00354405,0.010709,-0.0397514,-0.0256912,-0.0481889,-0.185602,0.14189,0.227903,-0.0852549,-0.180468,0.0270798,0.0415867,-0.27612,-0.0851945,-0.586327,-0.0508228,0.621428,0.0113556,-0.139742,0.101637,0.286427,0.277573,0.262148,0.279108,0.174287,0.332626,0.351984,0.282191,0.335504,0,0,0,
0,-0.00472432,-0.00603117,0.0150919,-0.0297056,-0.00997751,-0.0542221,-0.173133,0.136669,0.254918,-0.0804043,-0.202769,0.0254626,0.0415174,-0.266814,-0.086812,-0.642783,-0.0488701,0.657519,0.0130763,-0.137251,0.100056,0.286317,0.277677,0.261998,0.279331,0.174271,0.332819,0.351974,0.281987,0.334913,0,0,0,
0,-0.00606208,-0.0110241,0.0171739,-0.0240732,-0.000988238,-0.0569693,-0.167389,0.134366,0.257952,-0.0791822,-0.210156,0.0249738,0.0427197,-0.262088,-0.0872471,-0.672383,-0.048609,0.679815,0.0135112,-0.135515,0.0998135,0.286247,0.277828,0.262087,0.279482,0.174247,0.332827,0.351869,0.281791,0.334587,0,0,0,
0,-0.00727116,-0.0190622,0.0203294,-0.0177389,0.0213492,-0.0592987,-0.158954,0.132237,0.270073,-0.0784964,-0.223898,0.0237129,0.0428268,-0.252849,-0.0874704,-0.716415,-0.0482414,0.72127,0.013153,-0.134088,0.0986439,0.285738,0.277804,0.262163,0.279673,0.174078,0.332761,0.351555,0.280613,0.33405,0,0,0,
0,-0.00779314,-0.0213035,0.0209754,-0.0150209,0.0301201,-0.0613002,-0.15566,0.132479,0.277629,-0.0798355,-0.229577,0.0233316,0.0418545,-0.249626,-0.0877235,-0.72692,-0.0486054,0.73433,0.0132586,-0.13341,0.0980288,0.285439,0.277711,0.262041,0.279576,0.173756,0.332639,0.351332,0.279995,0.333727,0,0,0,
0,-0.00920165,-0.0255251,0.0224081,-0.0120984,0.040414,-0.0635332,-0.147052,0.128952,0.295559,-0.084413,-0.241516,0.0236627,0.0413237,-0.242219,-0.0891081,-0.739992,-0.0491513,0.75262,0.013657,-0.130892,0.0970985,0.285001,0.277673,0.261841,0.279669,0.173344,0.332252,0.351,0.279253,0.333054,0,0,0,
0,-0.0115686,-0.0279442,0.0244315,-0.0111186,0.0440367,-0.0638506,-0.143482,0.123609,0.287962,-0.0879203,-0.240017,0.0247368,0.0449396,-0.236167,-0.0912016,-0.748007,-0.0524428,0.758574,0.0173592,-0.128818,0.0963632,0.28463,0.27746,0.261592,0.279533,0.172813,0.331839,0.350918,0.27921,0.332471,0,0,0,
0,-0.0119587,-0.0287116,0.0254907,-0.0118897,0.0434891,-0.0642205,-0.143322,0.120751,0.276854,-0.0889185,-0.23287,0.0252187,0.0466927,-0.232755,-0.0913548,-0.747145,-0.051772,0.757513,0.0180213,-0.128966,0.0961341,0.284315,0.277262,0.261382,0.279397,0.172755,0.331619,0.35082,0.279173,0.332409,0,0,0,
0,-0.0119269,-0.0291572,0.0269034,-0.0135109,0.0356558,-0.0628117,-0.145091,0.115895,0.249848,-0.0914862,-0.213593,0.0251878,0.0518827,-0.228486,-0.0914866,-0.745609,-0.0504433,0.754643,0.017715,-0.128864,0.0967994,0.284493,0.277376,0.261603,0.279451,0.172077,0.33134,0.350642,0.279396,0.332588,0,0,0,
0,-0.0095747,-0.0252805,0.026352,-0.0140773,0.0210506,-0.0604272,-0.150025,0.114266,0.231364,-0.0949736,-0.193742,0.0264978,0.0533868,-0.226201,-0.0917117,-0.717625,-0.0516975,0.731726,0.0158872,-0.124853,0.0967193,0.284668,0.27731,0.26147,0.279358,0.171681,0.331212,0.350563,0.279039,0.332121,0,0,0,
0,-0.00834142,-0.0206219,0.0251936,-0.014274,0.00911316,-0.0578355,-0.153354,0.113385,0.224867,-0.0972001,-0.184722,0.0270573,0.0540034,-0.226782,-0.0915979,-0.705487,-0.0540974,0.719492,0.0146495,-0.12389,0.0969225,0.284689,0.277334,0.261444,0.279281,0.171532,0.331114,0.350512,0.279034,0.332058,0,0,0,
0,-0.00542336,-0.00840775,0.0212651,-0.0176388,-0.0183527,-0.0525672,-0.161104,0.111185,0.217633,-0.100749,-0.172705,0.0291467,0.0562026,-0.228205,-0.0908479,-0.653528,-0.0595324,0.679221,0.0130489,-0.122437,0.0969922,0.284889,0.277343,0.261565,0.279484,0.171453,0.33079,0.350548,0.27929,0.331935,0,0,0,
0,-0.00403101,0.00505664,0.0165009,-0.0244503,-0.0483344,-0.0490308,-0.16845,0.109087,0.200995,-0.101429,-0.157306,0.0311062,0.0582886,-0.230464,-0.0889551,-0.613356,-0.0644814,0.637612,0.0130506,-0.121542,0.0979098,0.285161,0.277606,0.261635,0.279663,0.171697,0.330522,0.350512,0.279345,0.331959,0,0,0,
0,-0.00297301,0.0125829,0.0134528,-0.0307154,-0.0650531,-0.0464763,-0.172912,0.107627,0.194364,-0.102367,-0.147828,0.0319384,0.0594806,-0.232458,-0.0888571,-0.595394,-0.0673652,0.617908,0.0135352,-0.120788,0.0981648,0.28544,0.277942,0.261747,0.279923,0.171356,0.330434,0.350472,0.27937,0.331903,0,0,0,
0,-0.0035113,0.0226332,0.00891684,-0.0400488,-0.0921509,-0.0403352,-0.178206,0.104771,0.182307,-0.101169,-0.127648,0.0337109,0.0618972,-0.232959,-0.0869049,-0.58056,-0.0716557,0.591343,0.0145603,-0.120513,0.0992593,0.285668,0.278249,0.26175,0.279961,0.171188,0.329944,0.35026,0.279301,0.331727,0,0,0,
0,-0.00302439,0.0313577,0.00451835,-0.0497301,-0.114398,-0.0356936,-0.182958,0.102767,0.175051,-0.0992761,-0.114824,0.0320162,0.0658903,-0.234417,-0.0849669,-0.561974,-0.0743557,0.572514,0.0133773,-0.122421,0.10022,0.286095,0.278761,0.262102,0.28045,0.17133,0.329637,0.350172,0.279322,0.331595,0,0,0,
0,-0.00284832,0.0347639,0.00266863,-0.0538845,-0.123348,-0.033303,-0.184701,0.10257,0.170043,-0.0987597,-0.109691,0.03093,0.066323,-0.234601,-0.0834791,-0.552342,-0.0749841,0.563148,0.0123253,-0.123314,0.100596,0.286193,0.278803,0.262092,0.280293,0.171209,0.329567,0.350172,0.279364,0.331682,0,0,0,
0,-0.00152827,0.0417313,-0.000598519,-0.0620186,-0.140445,-0.0287505,-0.188341,0.101531,0.169848,-0.0994589,-0.102032,0.0292617,0.0651809,-0.235791,-0.0816231,-0.522175,-0.0768514,0.539451,0.00947668,-0.124184,0.101106,0.286289,0.278924,0.262093,0.280125,0.171042,0.329745,0.350214,0.279446,0.331734,0,0,0,
0,-4.9395e-05,0.0494932,-0.00299039,-0.0688206,-0.155261,-0.0248003,-0.191119,0.0996183,0.173836,-0.100535,-0.0993338,0.0277704,0.0653397,-0.237576,-0.0809138,-0.488462,-0.0800565,0.512363,0.00727058,-0.12396,0.101482,0.286467,0.279098,0.262181,0.280115,0.171046,0.329807,0.350167,0.279591,0.331596,0,0,0,
0,0.000697822,0.0544157,-0.00372757,-0.0714634,-0.16186,-0.0233455,-0.192708,0.0985696,0.173005,-0.101309,-0.098448,0.0264331,0.0658595,-0.239499,-0.0808468,-0.47247,-0.0820095,0.497435,0.00708776,-0.123325,0.101776,0.286596,0.279183,0.262262,0.280207,0.170909,0.329755,0.350098,0.279458,0.331493,0,0,0,
0,0.00269036,0.0633214,-0.00469036,-0.0750474,-0.171878,-0.02103,-0.195126,0.0971748,0.171716,-0.103356,-0.0953445,0.0242012,0.0665253,-0.24175,-0.0792355,-0.449623,-0.0853744,0.471986,0.00681276,-0.12274,0.102599,0.286749,0.279331,0.262352,0.280383,0.170799,0.329767,0.349886,0.279348,0.331404,0,0,0,
0,0.00374494,0.0671655,-0.00532406,-0.076779,-0.174263,-0.0203004,-0.19603,0.0968349,0.171961,-0.104302,-0.0940545,0.0236117,0.0669733,-0.242523,-0.0779473,-0.438449,-0.086679,0.460124,0.007081,-0.122964,0.102954,0.286831,0.279385,0.262407,0.280437,0.170737,0.32962,0.349746,0.279192,0.331232,0,0,0,
0,0.00493934,0.0704896,-0.00619484,-0.0789196,-0.17297,-0.0189315,-0.196209,0.0973374,0.170614,-0.104084,-0.0921692,0.0238214,0.0676901,-0.242237,-0.075721,-0.428152,-0.0875364,0.443179,0.00701745,-0.123558,0.103387,0.286681,0.279291,0.262285,0.280399,0.170574,0.329668,0.349719,0.279178,0.331021,0,0,0,
0,0.00494307,0.0702819,-0.00695678,-0.0783324,-0.164087,-0.0194096,-0.195278,0.0989717,0.165367,-0.103231,-0.0886771,0.0223151,0.0684474,-0.241623,-0.0752416,-0.427336,-0.0884023,0.436179,0.00679745,-0.123261,0.104001,0.286641,0.27933,0.262282,0.280354,0.170403,0.329778,0.349634,0.279122,0.330829,0,0,0,
0,0.00520165,0.0699467,-0.00737828,-0.0781116,-0.160328,-0.0198102,-0.194973,0.0996027,0.163642,-0.103196,-0.0868052,0.0215308,0.0681331,-0.241546,-0.0755585,-0.427113,-0.0886131,0.435058,0.00736251,-0.123152,0.104207,0.286679,0.279384,0.262286,0.280266,0.170426,0.329777,0.34955,0.27893,0.3307,0,0,0,
0,0.0053707,0.0696156,-0.00791003,-0.077235,-0.155184,-0.020376,-0.194405,0.100213,0.164319,-0.103714,-0.0835818,0.019221,0.0666319,-0.240852,-0.0761242,-0.4278,-0.0880352,0.434995,0.0078191,-0.123753,0.104532,0.286539,0.279184,0.262101,0.28011,0.17056,0.330007,0.349587,0.279026,0.330553,0,0,0,
0,0.00479439,0.0706732,-0.00740297,-0.074318,-0.151779,-0.0212416,-0.193796,0.10002,0.170573,-0.1057,-0.0827707,0.0175991,0.0649647,-0.240154,-0.0771641,-0.424708,-0.0868358,0.435191,0.00822288,-0.124726,0.10424,0.286662,0.27902,0.261923,0.279791,0.170719,0.329839,0.349373,0.279048,0.330392,0,0,0,
0,0.00469089,0.0713751,-0.0067287,-0.0724396,-0.150538,-0.0227127,-0.194189,0.0998106,0.181641,-0.106941,-0.0852691,0.0174384,0.0643201,-0.239969,-0.0777968,-0.417818,-0.0858849,0.432431,0.00797513,-0.125561,0.104259,0.286696,0.279033,0.261871,0.279844,0.170817,0.329798,0.349345,0.279078,0.330137,0,0,0,
0,0.00481951,0.0733269,-0.00524546,-0.0684703,-0.150136,-0.0252895,-0.195197,0.0981165,0.198586,-0.108764,-0.0967927,0.0157445,0.0636315,-0.240138,-0.0790191,-0.401603,-0.0839933,0.421678,0.0062015,-0.125193,0.103942,0.286528,0.278828,0.261579,0.279759,0.171192,0.32999,0.349463,0.279123,0.329892,0,0,0,
0,0.00453268,0.0767757,-0.00449751,-0.0656528,-0.152957,-0.02521,-0.196709,0.0964967,0.202675,-0.111596,-0.104635,0.0156622,0.0648129,-0.24131,-0.0806693,-0.39598,-0.0846024,0.412976,0.00598672,-0.123525,0.103695,0.286427,0.278705,0.261409,0.279675,0.17114,0.330098,0.349566,0.279069,0.329804,0,0,0,
0,0.00482055,0.0789539,-0.00453104,-0.0655046,-0.154703,-0.0243813,-0.197378,0.0957723,0.201163,-0.112889,-0.105728,0.0159774,0.0653417,-0.241877,-0.0811163,-0.397706,-0.085023,0.412634,0.00578201,-0.123132,0.10371,0.286439,0.278626,0.261412,0.279604,0.171086,0.330186,0.349603,0.27907,0.329804,0,0,0,
0,0.00504601,0.0818157,-0.00483111,-0.0644842,-0.156236,-0.0233903,-0.197233,0.0951927,0.199397,-0.113539,-0.105464,0.0182593,0.0661545,-0.241238,-0.0812246,-0.398155,-0.0853228,0.414534,0.00480915,-0.122782,0.103633,0.286357,0.278532,0.261393,0.279588,0.170888,0.330309,0.349564,0.279194,0.329826,0,0,0,
0,0.00440365,0.0821263,-0.00472414,-0.062185,-0.155721,-0.0242187,-0.194638,0.0954216,0.197276,-0.112492,-0.104458,0.0196891,0.0668475,-0.239731,-0.0814018,-0.395797,-0.0862239,0.41471,0.00486744,-0.122364,0.103668,0.286426,0.27838,0.261292,0.279482,0.170852,0.330487,0.349454,0.279239,0.329547,0,0,0,
0,0.00407456,0.0824955,-0.00447641,-0.061444,-0.156399,-0.0247085,-0.194271,0.0954334,0.197234,-0.112451,-0.104054,0.0205772,0.0670168,-0.24045,-0.081804,-0.392867,-0.0868058,0.413015,0.00550466,-0.122042,0.103735,0.286525,0.278425,0.261314,0.279498,0.170674,0.330619,0.34948,0.279246,0.329453,0,0,0,
0,0.0028989,0.082635,-0.00424221,-0.0615035,-0.159287,-0.0250392,-0.193958,0.0953566,0.19402,-0.110925,-0.102267,0.0212046,0.0674232,-0.241299,-0.0820905,-0.392744,-0.0871484,0.410794,0.00615985,-0.121325,0.104117,0.28669,0.278592,0.261268,0.279458,0.170578,0.330838,0.349496,0.279323,0.32937,0,0,0,
0,0.00263811,0.082654,-0.00425521,-0.0618382,-0.160529,-0.0248085,-0.193579,0.0952317,0.191368,-0.110085,-0.100289,0.0208007,0.067633,-0.241604,-0.0826036,-0.391927,-0.0874918,0.409535,0.00650065,-0.120738,0.104192,0.286742,0.278605,0.261195,0.27947,0.170628,0.330906,0.349492,0.279202,0.329274,0,0,0,
0,0.00209215,0.0829009,-0.00401964,-0.0618575,-0.162964,-0.024408,-0.193165,0.0949531,0.185916,-0.109556,-0.0959425,0.0201969,0.0676079,-0.242117,-0.0835094,-0.394615,-0.0878544,0.408968,0.00727808,-0.119751,0.104278,0.286767,0.278458,0.261095,0.279309,0.170675,0.330992,0.349459,0.278802,0.328998,0,0,0,
0,0.00273043,0.0814171,-0.00382384,-0.0622378,-0.161271,-0.0244993,-0.191609,0.094605,0.184773,-0.109115,-0.0926335,0.0202175,0.067554,-0.24097,-0.0841994,-0.397149,-0.086676,0.410649,0.00786348,-0.120155,0.104404,0.286783,0.278474,0.261147,0.279213,0.170844,0.331079,0.349526,0.278597,0.328805,0,0,0,
0,0.0030609,0.0803518,-0.0037459,-0.0623647,-0.160114,-0.0245371,-0.190966,0.0944674,0.184228,-0.108701,-0.0915478,0.019896,0.0675696,-0.240461,-0.0845969,-0.397829,-0.0854621,0.411394,0.00764414,-0.120023,0.104424,0.286761,0.278441,0.261152,0.279158,0.170956,0.33112,0.349531,0.278552,0.328662,0,0,0,
0,0.00380397,0.0787674,-0.00376507,-0.0627652,-0.157189,-0.0236743,-0.190993,0.0944244,0.183432,-0.108583,-0.0902628,0.0190219,0.0676297,-0.240419,-0.085264,-0.399411,-0.0843914,0.413011,0.00585787,-0.119513,0.104649,0.286758,0.278477,0.261069,0.279043,0.171258,0.331315,0.349486,0.278382,0.328406,0,0,0,
0,0.00351594,0.0781743,-0.00387251,-0.0630966,-0.156678,-0.0223551,-0.192375,0.0943305,0.182275,-0.109024,-0.0885716,0.0192238,0.0671323,-0.241769,-0.0856127,-0.394472,-0.0841727,0.410227,0.00419823,-0.118843,0.104598,0.286669,0.278297,0.260969,0.278921,0.171397,0.331694,0.349592,0.278346,0.328348,0,0,0,
0,0.00348785,0.0776583,-0.00398539,-0.0639025,-0.156241,-0.0211484,-0.192711,0.0941288,0.180584,-0.108718,-0.0871826,0.0193893,0.0672038,-0.242134,-0.0859065,-0.393418,-0.0845021,0.409292,0.00391526,-0.118373,0.104634,0.286673,0.278278,0.260973,0.278882,0.171372,0.331961,0.349628,0.278394,0.328339,0,0,0,
0,0.0037874,0.0770272,-0.00407589,-0.0646765,-0.154986,-0.0194013,-0.193278,0.0939198,0.179073,-0.108775,-0.0850107,0.0196613,0.0669802,-0.243649,-0.0866506,-0.389975,-0.0856142,0.406846,0.00368595,-0.117034,0.104351,0.286608,0.278198,0.260872,0.278795,0.171268,0.332352,0.349613,0.278456,0.328356,0,0,0,
