0,0.04474,0.112846,-0.00389595,0.0323933,-0.159085,-0.013735,-0.264111,0.110885,-0.0361522,-0.0404453,-0.0135305,-0.0286018,0.0410252,-0.253,-0.0922233,-0.589917,-0.0733637,0.621535,-0.0379091,-0.104767,0.119428,0.283883,0.264184,0.252307,0.278377,0.0787337,0.259383,0.260287,0.214387,0.277529,0,0,0,
0,0.045349,0.112055,-0.00401234,0.0320728,-0.157504,-0.0140077,-0.264174,0.111351,-0.0359294,-0.0408517,-0.0109868,-0.0286389,0.0399923,-0.252874,-0.092792,-0.589649,-0.0748531,0.623226,-0.0373317,-0.105332,0.119272,0.284176,0.264417,0.252503,0.2783,0.0786052,0.259077,0.261962,0.214966,0.277583,0,0,0,
0,0.0451731,0.112125,-0.00422572,0.031973,-0.157757,-0.0136592,-0.264504,0.111277,-0.0395748,-0.0409661,-0.00861245,-0.0284177,0.0395782,-0.253048,-0.0927909,-0.589979,-0.0753255,0.623685,-0.0370037,-0.10557,0.119181,0.284213,0.264484,0.252528,0.278253,0.0786054,0.258831,0.262554,0.21511,0.277667,0,0,0,
0,0.0449746,0.112704,-0.00454656,0.0322805,-0.158679,-0.0120171,-0.264115,0.111091,-0.0441136,-0.041188,-0.00415993,-0.0280345,0.0390561,-0.252858,-0.0923065,-0.589603,-0.0753678,0.623572,-0.0363212,-0.106264,0.119083,0.28424,0.264524,0.252503,0.278206,0.0787559,0.258207,0.263313,0.215212,0.277864,0,0,0,
0,0.0448019,0.112894,-0.00455827,0.032445,-0.158908,-0.0116612,-0.263991,0.110982,-0.045707,-0.0412698,-0.00229576,-0.0278295,0.0387384,-0.252722,-0.0921778,-0.588848,-0.0752942,0.623117,-0.0363714,-0.106439,0.119008,0.284178,0.264523,0.25243,0.278167,0.0788315,0.257909,0.263493,0.215202,0.277887,0,0,0,
0,0.0445093,0.113257,-0.00459794,0.0325188,-0.159243,-0.0111956,-0.263958,0.110766,-0.04668,-0.0411514,0.0008236,-0.0269843,0.0382475,-0.252571,-0.0920864,-0.586492,-0.0751599,0.621099,-0.0364011,-0.106567,0.118759,0.284149,0.264468,0.252326,0.278108,0.0788931,0.257523,0.263712,0.215288,0.277831,0,0,0,
0,0.0445313,0.113391,-0.00448402,0.0327,-0.158449,-0.0113939,-0.263757,0.110609,-0.0479504,-0.0401349,0.00236136,-0.0266031,0.0385815,-0.252485,-0.0921039,-0.585478,-0.0750197,0.620382,-0.0365874,-0.107128,0.118627,0.284024,0.264405,0.252348,0.278148,0.0788864,0.256915,0.263742,0.215157,0.27787,0,0,0,
0,0.0447211,0.11356,-0.00446819,0.0326809,-0.158231,-0.0114361,-0.263697,0.110543,-0.0481925,-0.0396624,0.0031793,-0.0268528,0.0387375,-0.252599,-0.0922207,-0.585316,-0.0750259,0.620203,-0.0366576,-0.107293,0.11872,0.284065,0.264512,0.25244,0.278209,0.0788883,0.256754,0.263755,0.21513,0.277883,0,0,0,
0,0.0443421,0.114289,-0.004614,0.0333899,-0.158456,-0.011921,-0.263647,0.110646,-0.0563198,-0.0394059,0.00895178,-0.0268701,0.0388981,-0.253426,-0.0920225,-0.585961,-0.0751283,0.620256,-0.0367544,-0.107534,0.118908,0.28399,0.264426,0.252467,0.278205,0.0788227,0.25649,0.264505,0.215465,0.277843,0,0,0,
0,0.043479,0.115264,-0.00428964,0.0356553,-0.159611,-0.0136525,-0.263683,0.111223,-0.0611844,-0.0397244,0.013726,-0.0270131,0.0384537,-0.254968,-0.0923214,-0.586278,-0.0751586,0.619518,-0.0358581,-0.108196,0.118965,0.283542,0.264122,0.252271,0.278096,0.0788794,0.256277,0.265688,0.216118,0.278298,0,0,0,
0,0.0437907,0.116193,-0.00445081,0.0359574,-0.160903,-0.013748,-0.264029,0.11145,-0.0602194,-0.0401695,0.014107,-0.027228,0.0382504,-0.25594,-0.092612,-0.588605,-0.0750409,0.620838,-0.0354312,-0.108183,0.118965,0.283122,0.263994,0.252213,0.278116,0.0789273,0.256157,0.266275,0.21645,0.278678,0,0,0,
0,0.0439188,0.118653,-0.00493642,0.0368045,-0.163567,-0.0130232,-0.264441,0.112429,-0.0503053,-0.041443,0.00923604,-0.0268206,0.0380572,-0.25649,-0.0926061,-0.590161,-0.0750716,0.623399,-0.0358315,-0.108168,0.118671,0.282681,0.264057,0.252421,0.278245,0.0787959,0.25601,0.2672,0.216974,0.279309,0,0,0,
0,0.0443801,0.122382,-0.00558417,0.0381155,-0.167821,-0.0121042,-0.265241,0.112163,-0.0430814,-0.0423882,0.000929518,-0.0257952,0.0386631,-0.257057,-0.093124,-0.587278,-0.0767271,0.622206,-0.0355466,-0.107977,0.118774,0.283438,0.264709,0.25357,0.278918,0.0788017,0.256329,0.268017,0.217361,0.279681,0,0,0,
0,0.0443609,0.124157,-0.0059394,0.03992,-0.169956,-0.0116933,-0.265559,0.112219,-0.0405116,-0.0424577,-0.00169381,-0.0251465,0.038789,-0.257055,-0.0930266,-0.58719,-0.0774525,0.621964,-0.0352303,-0.108063,0.118689,0.284227,0.264982,0.254091,0.279207,0.0787348,0.256581,0.268377,0.217516,0.279903,0,0,0,
0,0.0443217,0.127054,-0.00621076,0.0442689,-0.171171,-0.0120187,-0.264276,0.111281,-0.0383391,-0.042416,-0.00464713,-0.0253062,0.0393036,-0.256126,-0.092637,-0.588203,-0.0781047,0.622464,-0.0350747,-0.108451,0.118611,0.285743,0.266257,0.2556,0.280794,0.0785239,0.25704,0.268981,0.217848,0.280194,0,0,0,
0,0.0441452,0.130669,-0.00609844,0.0502905,-0.170152,-0.0130715,-0.26412,0.110743,-0.0301358,-0.0427661,-0.0106151,-0.0261166,0.0403113,-0.255906,-0.0925479,-0.585447,-0.0788976,0.619727,-0.0351133,-0.10927,0.118844,0.287407,0.268177,0.258579,0.282649,0.0783147,0.257544,0.26948,0.218008,0.28035,0,0,0,
0,0.0442393,0.132192,-0.00591195,0.0534967,-0.166998,-0.0136927,-0.263846,0.110479,-0.0289776,-0.0431548,-0.0128328,-0.0266007,0.0405202,-0.255716,-0.0924053,-0.584989,-0.0789533,0.618185,-0.0354507,-0.11021,0.118781,0.287831,0.268781,0.259632,0.283248,0.0782131,0.257943,0.269698,0.21819,0.28048,0,0,0,
0,0.0434844,0.13204,-0.00528141,0.0614069,-0.151573,-0.0141329,-0.262007,0.110226,-0.0305213,-0.0427849,-0.013295,-0.0276586,0.0413854,-0.254246,-0.0923647,-0.586902,-0.0773549,0.61713,-0.0371166,-0.111955,0.118267,0.288103,0.269079,0.260826,0.283928,0.0782579,0.259022,0.270485,0.218628,0.281134,0,0,0,
0,0.0436472,0.128245,-0.00518234,0.0728898,-0.126734,-0.0128362,-0.261803,0.11146,-0.0324795,-0.0419163,-0.0105486,-0.0289608,0.0422657,-0.252959,-0.0932347,-0.584687,-0.0761346,0.61614,-0.0405319,-0.112594,0.117786,0.288146,0.269353,0.261595,0.284323,0.0787875,0.260934,0.271586,0.219137,0.281876,0,0,0,
0,0.0436655,0.125633,-0.00514483,0.0837198,-0.107158,-0.0120779,-0.26101,0.111922,-0.0389852,-0.0417187,-0.00529901,-0.0291943,0.0432495,-0.252099,-0.0937369,-0.581744,-0.0757807,0.614364,-0.0417742,-0.112221,0.117077,0.288356,0.269562,0.262152,0.284589,0.079127,0.261895,0.272197,0.219357,0.282103,0,0,0,
0,0.0431247,0.119602,-0.00503027,0.107994,-0.0647253,-0.00997052,-0.259793,0.112591,-0.0525385,-0.0421328,0.0086292,-0.0277647,0.0464818,-0.251365,-0.094884,-0.576856,-0.0759594,0.611768,-0.0448883,-0.110575,0.113194,0.288878,0.270445,0.263651,0.285488,0.079737,0.263684,0.273244,0.219676,0.282164,0,0,0,
0,0.0430928,0.115942,-0.0049316,0.113565,-0.0529033,-0.0089656,-0.259996,0.113049,-0.0540559,-0.0423893,0.0133819,-0.026455,0.0494098,-0.251889,-0.0957645,-0.580876,-0.0765102,0.613746,-0.0449533,-0.109858,0.111654,0.289836,0.271848,0.265006,0.286176,0.0795089,0.264568,0.273863,0.219958,0.282466,0,0,0,
0,0.0414711,0.106431,-0.00449442,0.148831,-0.0143238,-0.00782798,-0.259419,0.114178,-0.0618831,-0.0408052,0.0219703,-0.0223426,0.0539643,-0.252051,-0.095749,-0.585245,-0.0771531,0.617492,-0.0430802,-0.108165,0.108709,0.292629,0.276285,0.268031,0.288127,0.0798127,0.265711,0.274471,0.22005,0.282581,0,0,0,
0,0.040136,0.0975321,-0.00419356,0.169966,0.00806369,-0.00752588,-0.258517,0.114481,-0.0565159,-0.0397107,0.0234663,-0.01752,0.0565701,-0.251229,-0.0954715,-0.589438,-0.0774444,0.621904,-0.0405083,-0.106401,0.107682,0.296326,0.282082,0.272993,0.292527,0.079647,0.266508,0.274905,0.220274,0.282615,0,0,0,
0,0.0402852,0.0953935,-0.00427387,0.179855,0.014375,-0.00844338,-0.258986,0.114284,-0.0527946,-0.0393859,0.0216616,-0.0157232,0.0572295,-0.251891,-0.0951618,-0.588336,-0.077693,0.622296,-0.039658,-0.105663,0.107797,0.297523,0.284007,0.275112,0.29434,0.0795513,0.266931,0.275154,0.220424,0.282785,0,0,0,
0,0.0406502,0.0931474,-0.00473476,0.194286,0.0200469,-0.0106281,-0.259872,0.11399,-0.0476415,-0.0384431,0.0177027,-0.0112113,0.0570616,-0.252637,-0.0947555,-0.589985,-0.0785347,0.623673,-0.0374577,-0.104761,0.106647,0.297798,0.285399,0.27825,0.296745,0.0790654,0.267758,0.275775,0.220586,0.283171,0,0,0,
0,0.0404405,0.0927674,-0.00495845,0.207324,0.0213302,-0.0143683,-0.261043,0.11376,-0.0445036,-0.0362949,0.0155355,-0.00728991,0.0601108,-0.253028,-0.0947138,-0.595846,-0.0796164,0.628147,-0.0342664,-0.105134,0.105147,0.298216,0.286845,0.280798,0.298775,0.0786544,0.267675,0.276027,0.220584,0.28326,0,0,0,
0,0.0402801,0.0930168,-0.0051033,0.213576,0.0213408,-0.0159505,-0.260965,0.11404,-0.0503619,-0.0349828,0.0182394,-0.0072942,0.0618659,-0.253043,-0.0941158,-0.601505,-0.0793088,0.631059,-0.0329025,-0.105583,0.104479,0.298569,0.287563,0.282121,0.299956,0.0785011,0.26749,0.276064,0.220498,0.283316,0,0,0,
0,0.0405458,0.0943449,-0.00545386,0.225106,0.0218819,-0.0184727,-0.260742,0.116063,-0.041459,-0.0345037,0.0148105,-0.00974784,0.0640113,-0.252249,-0.0933435,-0.608519,-0.0778865,0.638051,-0.0322817,-0.107894,0.104263,0.299593,0.288966,0.28444,0.302287,0.0783941,0.266851,0.276226,0.220401,0.283459,0,0,0,
0,0.0408157,0.0974389,-0.00576452,0.234375,0.022005,-0.0219426,-0.261213,0.118476,-0.00284065,-0.0371691,-0.0100049,-0.01605,0.0662095,-0.251973,-0.0933367,-0.603736,-0.0764915,0.63747,-0.0321362,-0.109823,0.104807,0.301393,0.29158,0.287819,0.305228,0.0783159,0.266638,0.276611,0.220676,0.283618,0,0,0,
0,0.0408279,0.0993863,-0.00589354,0.237307,0.022097,-0.0236295,-0.260974,0.119452,0.0230198,-0.0402435,-0.0299618,-0.0219038,0.0678038,-0.251953,-0.0936337,-0.601941,-0.0758911,0.636106,-0.0322239,-0.109976,0.10573,0.302429,0.292801,0.289273,0.30629,0.0783812,0.266418,0.276761,0.221029,0.283797,0,0,0,
0,0.041125,0.103499,-0.00620643,0.243172,0.0250076,-0.0265743,-0.259088,0.122475,0.0798251,-0.0595208,-0.0855815,-0.0425423,0.0725663,-0.251469,-0.0940773,-0.600738,-0.0758129,0.633636,-0.032777,-0.109818,0.107439,0.302849,0.294145,0.29079,0.307382,0.0785617,0.266013,0.276936,0.221471,0.284372,0,0,0,
0,0.0438902,0.108254,-0.0076339,0.24827,0.0324576,-0.0271203,-0.257325,0.128836,0.113474,-0.0982248,-0.134207,-0.0814494,0.0857164,-0.252545,-0.094921,-0.600101,-0.0761361,0.634664,-0.0338395,-0.110396,0.109701,0.305143,0.296437,0.294332,0.309015,0.078672,0.265739,0.277176,0.22162,0.284863,0,0,0,
0,0.0458773,0.110124,-0.00842867,0.250145,0.038106,-0.0265238,-0.256522,0.132676,0.11435,-0.131877,-0.144556,-0.0973331,0.0971706,-0.252624,-0.0949963,-0.597633,-0.0761028,0.633168,-0.0345303,-0.110449,0.110177,0.307618,0.299274,0.299441,0.310865,0.0786288,0.265659,0.277237,0.221692,0.28502,0,0,0,
0,0.0513249,0.113062,-0.00928223,0.259515,0.0623166,-0.0228752,-0.25969,0.141925,0.104092,-0.211441,-0.131232,-0.123549,0.129165,-0.252626,-0.0953688,-0.594638,-0.0754004,0.631163,-0.0361484,-0.110419,0.102567,0.314198,0.308579,0.321846,0.321765,0.0789388,0.265693,0.277346,0.222142,0.285526,0,0,0,
0,0.0547503,0.113367,-0.00973386,0.266336,0.0839162,-0.0199424,-0.2625,0.146062,0.0932589,-0.255992,-0.106575,-0.137091,0.147743,-0.251833,-0.0952142,-0.593455,-0.0750235,0.630989,-0.0377275,-0.109945,0.103104,0.315124,0.312775,0.342319,0.347324,0.0791673,0.265711,0.2774,0.222523,0.285671,0,0,0,
0,0.0595668,0.111549,-0.0104863,0.287737,0.142433,-0.0099294,-0.271856,0.156663,0.0783365,-0.328995,0.000612615,-0.154929,0.204847,-0.249838,-0.0944681,-0.58557,-0.0753629,0.628549,-0.0403579,-0.109047,0.0896712,0.315143,0.334894,0.408883,0.419258,0.0790785,0.266343,0.277573,0.223492,0.286235,0,0,0,
0,0.0613552,0.107064,-0.0101087,0.313618,0.206495,0.00493659,-0.279939,0.16497,0.0673255,-0.413105,0.210082,-0.150201,0.293937,-0.24778,-0.0939993,-0.577669,-0.0773839,0.624973,-0.0424413,-0.107703,0.0641784,0.33047,0.389635,0.50168,0.486602,0.0794507,0.266863,0.2774,0.223683,0.285617,0,0,0,
0,0.061784,0.104184,-0.00955608,0.328468,0.240263,0.0135252,-0.284973,0.170185,0.059939,-0.441863,0.36277,-0.142074,0.363983,-0.247039,-0.093698,-0.575014,-0.0781251,0.623488,-0.0418872,-0.107485,0.0676988,0.350376,0.439515,0.556079,0.514388,0.0794236,0.267127,0.277358,0.223622,0.285201,0,0,0,
0,0.0624245,0.10132,-0.00876689,0.345833,0.278954,0.0233271,-0.294522,0.179573,0.0473275,-0.485119,0.594687,-0.123115,0.458103,-0.247341,-0.0929288,-0.567435,-0.0793241,0.616669,-0.0394195,-0.107245,0.0118477,0.360091,0.508677,0.632405,0.53873,0.0793126,0.267296,0.277377,0.224027,0.284887,0,0,0,
0,0.0637441,0.0973348,-0.00790642,0.35994,0.309124,0.0327384,-0.302018,0.199398,0.0545867,-0.54425,0.524641,-0.162283,0.46496,-0.246239,-0.0928967,-0.56906,-0.0788694,0.615163,-0.0362571,-0.108591,-0.0750482,0.300682,0.474801,0.615109,0.525701,0.0791132,0.267514,0.277365,0.224373,0.284842,0,0,0,
0,0.0636823,0.0954758,-0.00759058,0.3676,0.323401,0.03823,-0.304734,0.210522,0.0597954,-0.606436,0.395247,-0.166061,0.428877,-0.245494,-0.0930601,-0.572609,-0.0782126,0.617176,-0.0355853,-0.109609,-0.13157,0.270852,0.429328,0.574292,0.499757,0.0790142,0.267636,0.277469,0.224581,0.284892,0,0,0,
0,0.0630794,0.0934098,-0.00715057,0.37859,0.338299,0.0469287,-0.306285,0.227456,0.0477202,-0.709612,-0.0260608,-0.190449,0.312182,-0.244061,-0.093576,-0.573898,-0.076857,0.620465,-0.0351584,-0.111804,-0.229646,0.207199,0.332839,0.462997,0.430725,0.0789826,0.267668,0.277478,0.224965,0.2851,0,0,0,
0,0.0613577,0.0931807,-0.00607557,0.388493,0.342571,0.0521603,-0.306481,0.240211,-0.0129619,-0.814439,-0.398129,-0.173762,0.214077,-0.243422,-0.0944316,-0.57131,-0.0751898,0.619361,-0.0357288,-0.111948,-0.289012,0.173716,0.255931,0.37132,0.383998,0.0791863,0.267593,0.27736,0.224891,0.285073,0,0,0,
0,0.0610593,0.0930939,-0.00599475,0.392827,0.342009,0.055897,-0.306908,0.245558,-0.0376654,-0.848406,-0.538608,-0.157494,0.176928,-0.243296,-0.0947253,-0.573758,-0.0752481,0.620434,-0.0361558,-0.111927,-0.312563,0.159668,0.224796,0.3272,0.365552,0.0792225,0.267468,0.277288,0.22481,0.284932,0,0,0,
0,0.0608136,0.0914975,-0.00595227,0.397297,0.342408,0.062334,-0.306883,0.252142,-0.101128,-0.922098,-0.763456,-0.115678,0.118537,-0.242346,-0.0953969,-0.574362,-0.0745043,0.622806,-0.0377625,-0.111162,-0.349175,0.138864,0.17678,0.273729,0.344343,0.0794193,0.26731,0.277207,0.224665,0.284636,0,0,0,
0,0.0609985,0.0905043,-0.00600577,0.398047,0.343177,0.0648459,-0.307559,0.254734,-0.13496,-0.95081,-0.875067,-0.0947701,0.0864317,-0.242355,-0.0958962,-0.578011,-0.0743897,0.625275,-0.0382946,-0.110744,-0.363944,0.127994,0.154057,0.252009,0.33309,0.0793875,0.267396,0.277277,0.224681,0.284629,0,0,0,
0,0.0608855,0.0893486,-0.00562243,0.398211,0.344473,0.0679528,-0.310189,0.259235,-0.168552,-0.980927,-1.02578,-0.0592292,0.0382672,-0.242905,-0.0969825,-0.576726,-0.0744115,0.626617,-0.0384344,-0.109682,-0.393993,0.114013,0.123068,0.224961,0.313969,0.0793105,0.267587,0.277554,0.225109,0.285114,0,0,0,
0,0.0604555,0.0884574,-0.00546123,0.396488,0.341777,0.0697594,-0.314046,0.261989,-0.17597,-0.984598,-1.10919,-0.0499531,0.00507643,-0.242849,-0.0972545,-0.575463,-0.0750432,0.627263,-0.0385399,-0.108979,-0.416883,0.126367,0.118254,0.210306,0.294046,0.0793805,0.267713,0.277508,0.225166,0.285213,0,0,0,
0,0.0602825,0.0881807,-0.00538399,0.395625,0.338862,0.0706878,-0.316267,0.263291,-0.199115,-1.01067,-1.13517,-0.0379669,0.000998594,-0.242894,-0.0972756,-0.574194,-0.075417,0.626204,-0.0385751,-0.108606,-0.420134,0.133442,0.118554,0.205175,0.281141,0.0793243,0.267655,0.277434,0.225053,0.285213,0,0,0,
0,0.0606111,0.0877347,-0.00530111,0.395342,0.334848,0.0727022,-0.323524,0.266346,-0.21633,-1.02518,-1.16976,-0.0219913,-0.00323216,-0.243016,-0.0971892,-0.572258,-0.0761421,0.623816,-0.0383097,-0.108657,-0.413259,0.144045,0.123852,0.198596,0.256057,0.0792985,0.267532,0.27731,0.224879,0.28498,0,0,0,
0,0.0612121,0.0870469,-0.00519407,0.395869,0.333333,0.0734132,-0.329059,0.269246,-0.232414,-1.05345,-1.19784,-0.00731901,0.00218064,-0.242864,-0.0974755,-0.569538,-0.0759887,0.621355,-0.0373615,-0.108453,-0.408557,0.153863,0.127919,0.197062,0.244386,0.0793372,0.267343,0.277296,0.224845,0.284919,0,0,0,
0,0.0617582,0.0864054,-0.0052113,0.396311,0.332744,0.0728431,-0.332198,0.270822,-0.236306,-1.06109,-1.2049,-0.00290343,0.00726606,-0.242761,-0.0977144,-0.567375,-0.075828,0.619376,-0.0367825,-0.108243,-0.39896,0.161888,0.133147,0.199087,0.243705,0.0792385,0.2671,0.277195,0.224729,0.284936,0,0,0,
0,0.0624322,0.0862189,-0.00576229,0.395792,0.328472,0.0703371,-0.335072,0.27337,-0.237792,-1.06586,-1.209,-0.00305759,0.0111868,-0.242945,-0.0975807,-0.56842,-0.0756107,0.618375,-0.0361,-0.10851,-0.362872,0.180737,0.156412,0.206907,0.249056,0.0791858,0.266689,0.277271,0.224431,0.284778,0,0,0,
0,0.0622746,0.0872272,-0.0063654,0.394722,0.321648,0.0673774,-0.336789,0.275166,-0.240675,-1.08308,-1.18875,-0.00171261,0.0137412,-0.243126,-0.0974762,-0.563976,-0.0759169,0.615164,-0.0359181,-0.108797,-0.300662,0.201498,0.180243,0.215324,0.256583,0.0789364,0.266346,0.277352,0.224334,0.284783,0,0,0,
0,0.0621038,0.0885273,-0.00676657,0.393269,0.31652,0.0657509,-0.337924,0.276513,-0.240662,-1.08745,-1.16819,0.00394229,0.00898851,-0.243996,-0.0976049,-0.562153,-0.0756058,0.612717,-0.0358622,-0.109247,-0.273426,0.208574,0.185546,0.217687,0.259617,0.0788977,0.266231,0.277422,0.224303,0.284854,0,0,0,
0,0.0621378,0.0916349,-0.00744544,0.39046,0.308312,0.0635324,-0.34067,0.277932,-0.23256,-1.09957,-1.11516,0.0064817,0.0107055,-0.245188,-0.0973881,-0.556998,-0.0748354,0.606483,-0.035264,-0.109845,-0.15328,0.219073,0.190448,0.216562,0.261642,0.078738,0.266213,0.277547,0.22442,0.285161,0,0,0,
0,0.0624121,0.0935721,-0.00791568,0.38861,0.304104,0.0627506,-0.342347,0.278555,-0.231113,-1.102,-1.08909,-0.000401723,0.0157098,-0.246515,-0.097252,-0.560063,-0.0740139,0.606884,-0.0359005,-0.109512,-0.0273021,0.221637,0.189448,0.212532,0.260279,0.0787883,0.266233,0.277627,0.224452,0.285276,0,0,0,
0,0.0625392,0.0974656,-0.00865724,0.386326,0.300535,0.0629987,-0.345065,0.280281,-0.202275,-1.11776,-1.0367,-0.0145312,0.0330943,-0.245735,-0.0962586,-0.552668,-0.0743904,0.601693,-0.0387764,-0.109416,0.139424,0.222118,0.184837,0.201522,0.253974,0.0790254,0.266203,0.277702,0.22444,0.285448,0,0,0,
0,0.0625875,0.100287,-0.00886924,0.385755,0.302686,0.0642042,-0.348372,0.283182,-0.181032,-1.12696,-0.919334,-0.0227061,0.0617646,-0.245887,-0.0958186,-0.547564,-0.0754142,0.597634,-0.0410955,-0.108992,0.180312,0.22612,0.185957,0.195212,0.252026,0.0790781,0.266279,0.277683,0.224402,0.285526,0,0,0,
0,0.0624812,0.101385,-0.00838393,0.3861,0.307511,0.0648115,-0.350003,0.284342,-0.177276,-1.12664,-0.837413,-0.0233847,0.0650202,-0.24568,-0.0960256,-0.54718,-0.0750818,0.596358,-0.0415526,-0.108952,0.169718,0.22697,0.187353,0.194098,0.253581,0.078841,0.266301,0.277649,0.2244,0.285621,0,0,0,
0,0.0624237,0.103032,-0.00719246,0.387536,0.315758,0.0643287,-0.352554,0.287574,-0.174302,-1.12341,-0.692792,-0.02242,0.0662073,-0.246009,-0.0958819,-0.54438,-0.0760359,0.593145,-0.0409679,-0.109878,0.119257,0.240624,0.193188,0.193469,0.258341,0.078651,0.26626,0.277694,0.224316,0.285617,0,0,0,
0,0.0625501,0.102684,-0.00574433,0.388065,0.32214,0.0632708,-0.35492,0.290202,-0.0868646,-1.14679,-0.512296,-0.0288499,0.113262,-0.245162,-0.0960637,-0.545457,-0.075335,0.59393,-0.0405811,-0.110563,0.0700332,0.258842,0.206776,0.195662,0.261864,0.078589,0.266348,0.277653,0.22439,0.285548,0,0,0,
0,0.0623891,0.101192,-0.00488756,0.388546,0.325407,0.0620289,-0.355815,0.291424,-0.0616773,-1.14944,-0.413454,-0.0292708,0.133777,-0.24444,-0.0962408,-0.544651,-0.0752275,0.594155,-0.0402874,-0.110603,0.058017,0.270926,0.215743,0.198172,0.263331,0.0786626,0.26641,0.27763,0.22452,0.285599,0,0,0,
0,0.0611518,0.0978981,-0.00328139,0.389589,0.32925,0.0570235,-0.3586,0.295652,-0.015007,-1.14745,-0.225042,-0.0223309,0.174973,-0.244216,-0.0974408,-0.546153,-0.0750387,0.596696,-0.0394825,-0.110214,0.0738925,0.297969,0.231354,0.196749,0.246557,0.0788511,0.266617,0.277583,0.224912,0.28566,0,0,0,
0,0.0596643,0.0948101,-0.00154456,0.391297,0.332404,0.0485641,-0.36265,0.300005,0.0187965,-1.13976,0.00787791,5.64798e-05,0.204797,-0.244651,-0.0986588,-0.546067,-0.0749456,0.596156,-0.0378746,-0.109615,0.091691,0.316129,0.233686,0.190774,0.232323,0.0786117,0.267026,0.277666,0.225132,0.285721,0,0,0,
0,0.0589853,0.0941322,-0.000838192,0.393064,0.334062,0.0422199,-0.365155,0.301297,0.0240293,-1.13705,0.153433,0.0118505,0.21214,-0.245125,-0.099157,-0.545929,-0.0748194,0.596563,-0.0371219,-0.109268,0.0925202,0.321068,0.235831,0.191776,0.232724,0.0785963,0.267438,0.277589,0.225205,0.285643,0,0,0,
0,0.0585469,0.095447,0.000252575,0.39575,0.335725,0.0315454,-0.371337,0.304433,0.054675,-1.11442,0.405411,0.0255226,0.23463,-0.246469,-0.0994685,-0.543045,-0.0746286,0.595463,-0.0357867,-0.108903,0.0957522,0.32164,0.237506,0.192273,0.232588,0.0784107,0.267993,0.277522,0.225532,0.285705,0,0,0,
0,0.0599135,0.0986481,0.000885823,0.399484,0.339181,0.022826,-0.377799,0.307159,0.0760576,-1.0978,0.727587,0.0283478,0.255975,-0.247153,-0.0999224,-0.54501,-0.0746344,0.596725,-0.0349987,-0.109287,0.0959213,0.324807,0.23936,0.191933,0.221436,0.0783667,0.268351,0.277499,0.225545,0.285887,0,0,0,
0,0.0600782,0.100809,0.000843472,0.403601,0.343482,0.0185264,-0.381035,0.309091,0.0795611,-1.09441,0.859525,0.0259134,0.259058,-0.247735,-0.0998975,-0.546558,-0.0746503,0.597616,-0.0351763,-0.110089,0.118912,0.327864,0.239762,0.189727,0.213683,0.0781119,0.268771,0.277648,0.225568,0.286069,0,0,0,
0,0.0610411,0.105162,0.000414155,0.406584,0.343928,0.013898,-0.387949,0.312922,0.0867063,-1.04438,1.0645,0.0145592,0.274616,-0.248341,-0.0999606,-0.545202,-0.0743125,0.599743,-0.0374401,-0.112216,0.180451,0.330327,0.237291,0.18502,0.18615,0.0738241,0.269287,0.277873,0.225924,0.286294,0,0,0,
0,0.0615963,0.107504,0.000373532,0.404668,0.342055,0.0127415,-0.39192,0.31383,0.0871077,-1.03194,1.14826,0.0137223,0.278725,-0.248389,-0.0999801,-0.543095,-0.0742313,0.599341,-0.0387498,-0.113553,0.198388,0.329436,0.235156,0.181957,0.171021,0.0702985,0.269617,0.278096,0.226135,0.286379,0,0,0,
0,0.0618046,0.112127,0.000727452,0.401593,0.343825,0.0105325,-0.397237,0.315081,0.0891116,-1.01424,1.27203,0.0119733,0.292658,-0.248641,-0.10017,-0.541015,-0.0745097,0.598071,-0.0416145,-0.114521,0.204475,0.322669,0.221949,0.168345,0.142829,0.0633918,0.270229,0.278494,0.226501,0.286619,0,0,0,
0,0.0616419,0.113875,0.00103613,0.402336,0.350937,0.0125103,-0.399641,0.314747,0.0908501,-1.00489,1.3521,0.0162704,0.302571,-0.248771,-0.100276,-0.54156,-0.0748656,0.598097,-0.0428742,-0.113868,0.187096,0.307362,0.203411,0.151495,0.11828,0.0601689,0.270539,0.278518,0.226525,0.286712,0,0,0,
0,0.0618669,0.112932,0.00116609,0.402507,0.353321,0.0134202,-0.400243,0.314073,0.0916135,-1.00162,1.38178,0.0169318,0.306727,-0.248954,-0.100249,-0.545229,-0.0748579,0.600385,-0.0427394,-0.113608,0.176817,0.293998,0.186457,0.131903,0.10036,0.0592455,0.270762,0.278564,0.226513,0.286754,0,0,0,
0,0.0619974,0.109849,0.00158923,0.413145,0.361229,0.0228025,-0.401381,0.312547,0.095058,-1.00002,1.42808,0.0190189,0.318249,-0.24881,-0.100104,-0.546409,-0.0747022,0.603606,-0.0430117,-0.112848,0.210355,0.252194,0.146565,0.0905968,0.064939,0.0567042,0.271062,0.278569,0.22653,0.28678,0,0,0,
0,0.0623125,0.10736,0.00198005,0.419916,0.359843,0.0273816,-0.402589,0.31064,0.0980265,-1.0001,1.45206,0.0214186,0.328032,-0.248941,-0.0998061,-0.540942,-0.0748536,0.602791,-0.0439657,-0.111811,0.239109,0.215081,0.104596,0.0501109,0.0236924,0.0546163,0.271396,0.278674,0.226647,0.2868,0,0,0,
0,0.0621228,0.106693,0.00211062,0.422551,0.357601,0.028457,-0.403303,0.309877,0.0976947,-1.00082,1.4585,0.0226578,0.331665,-0.249452,-0.0995565,-0.536273,-0.0758611,0.599133,-0.043605,-0.111469,0.234827,0.203434,0.0876942,0.0340856,0.0110347,0.0538774,0.271422,0.278637,0.226619,0.286827,0,0,0,
0,0.0625109,0.105517,0.00186508,0.423922,0.350954,0.0284553,-0.405629,0.307929,0.0971416,-1.00043,1.4655,0.0216554,0.336788,-0.251159,-0.099351,-0.53174,-0.0767931,0.593191,-0.0415051,-0.11122,0.208593,0.174785,0.0579791,0.00805201,-0.00378842,0.0526295,0.271264,0.278464,0.226406,0.286646,0,0,0,
0,0.0625038,0.10504,0.00104746,0.424146,0.344652,0.0289024,-0.407766,0.306694,0.0957859,-0.99979,1.47366,0.0218748,0.340868,-0.252019,-0.0984406,-0.529815,-0.076346,0.589522,-0.040137,-0.111097,0.181108,0.159332,0.0404612,-0.00375054,-0.0083474,0.0518428,0.27104,0.27835,0.226317,0.286453,0,0,0,
0,0.0629731,0.106007,0.00065209,0.424243,0.34155,0.0289618,-0.408746,0.306115,0.0957136,-1.00216,1.47677,0.0216455,0.34168,-0.252566,-0.0982239,-0.528974,-0.0762638,0.588337,-0.0396646,-0.111302,0.164841,0.152036,0.0336286,-0.0077228,-0.00911725,0.0516624,0.270893,0.278374,0.226317,0.286492,0,0,0,
0,0.0639057,0.110216,-0.000541438,0.424181,0.337699,0.0281628,-0.411106,0.306517,0.0949679,-1.00533,1.4816,0.0192058,0.339345,-0.253905,-0.097583,-0.525791,-0.0759782,0.584986,-0.0392307,-0.112378,0.145015,0.142186,0.0256495,-0.0117983,-0.00781336,0.0511826,0.270528,0.278348,0.226119,0.286568,0,0,0,
0,0.0648128,0.115464,-0.00129951,0.424008,0.339494,0.0282214,-0.411569,0.307462,0.0945471,-1.00659,1.48962,0.0205505,0.333724,-0.253387,-0.096985,-0.5234,-0.0746005,0.581533,-0.039657,-0.113611,0.133068,0.136243,0.0210579,-0.0143129,-0.00807115,0.0508434,0.27035,0.278466,0.226229,0.286733,0,0,0,
0,0.0649122,0.11771,-0.00143045,0.424411,0.345184,0.0291471,-0.411602,0.30782,0.0943102,-1.00675,1.49153,0.0200918,0.331073,-0.253061,-0.0969653,-0.523443,-0.0741424,0.580775,-0.0404258,-0.113958,0.128917,0.134868,0.0204805,-0.0148734,-0.00871625,0.0508608,0.270208,0.278438,0.226295,0.286697,0,0,0,
0,0.0645705,0.119568,-0.00126083,0.42446,0.354686,0.0312873,-0.410319,0.308005,0.0946414,-1.00601,1.49187,0.0180021,0.3289,-0.251875,-0.0974592,-0.527117,-0.0729067,0.582508,-0.0415545,-0.114817,0.122505,0.134642,0.0224049,-0.0144379,-0.00755058,0.0511476,0.270219,0.278491,0.226322,0.286702,0,0,0,
0,0.0637107,0.117805,-0.00063245,0.424709,0.35672,0.033572,-0.407589,0.307633,0.0947638,-1.00496,1.47905,0.0146511,0.335307,-0.250984,-0.0982328,-0.523852,-0.0715657,0.58242,-0.0428149,-0.114856,0.113793,0.135937,0.0264665,-0.0120522,0.000912136,0.0516158,0.270319,0.278622,0.226173,0.286637,0,0,0,
0,0.0634795,0.116331,-0.000293934,0.424453,0.353436,0.0338923,-0.406242,0.307304,0.0947561,-1.0046,1.4759,0.0135389,0.337975,-0.250763,-0.098496,-0.522523,-0.0711791,0.581639,-0.0434968,-0.114605,0.108269,0.135558,0.0273493,-0.0113521,0.0041538,0.0519017,0.270399,0.278652,0.226101,0.286616,0,0,0,
0,0.0635478,0.113555,0.00019983,0.421245,0.34336,0.0324689,-0.406023,0.305835,0.0946897,-1.0046,1.46958,0.0132146,0.341806,-0.251584,-0.0993212,-0.520675,-0.0711312,0.581711,-0.0449681,-0.113606,0.0986009,0.135647,0.0286512,-0.00965028,0.0088809,0.0521364,0.270839,0.278694,0.226126,0.286623,0,0,0,
0,0.0632208,0.111856,0.000457296,0.419751,0.337873,0.0313144,-0.406406,0.304293,0.0941239,-1.00411,1.46219,0.0131434,0.341469,-0.251878,-0.0996179,-0.517305,-0.0719085,0.580032,-0.0452478,-0.112822,0.0953254,0.135848,0.0294883,-0.00856707,0.0135848,0.0518265,0.271017,0.278741,0.226135,0.286652,0,0,0,
0,0.0619123,0.108919,0.000536364,0.417109,0.32607,0.02814,-0.40747,0.301149,0.0904898,-1.00468,1.43292,0.0138112,0.338022,-0.253664,-0.0997643,-0.516464,-0.0740376,0.578985,-0.0450547,-0.110584,0.0910781,0.138217,0.0336168,-0.00351366,0.0265299,0.0519324,0.271179,0.278784,0.226163,0.286534,0,0,0,
0,0.0612752,0.108784,0.000317243,0.413535,0.316209,0.0256042,-0.408246,0.299455,0.0872171,-1.00545,1.35628,0.0261944,0.325947,-0.256245,-0.0992974,-0.513728,-0.0763035,0.576432,-0.042313,-0.109265,0.080718,0.147403,0.0492592,0.0136543,0.0576175,0.0517799,0.271381,0.27899,0.226263,0.286659,0,0,0,
0,0.061229,0.109783,-1.63169e-05,0.410918,0.312718,0.0247453,-0.408362,0.299516,0.0780985,-0.996449,1.31324,0.0325667,0.323887,-0.257706,-0.0991149,-0.517518,-0.0770076,0.577423,-0.0407095,-0.108958,0.0745549,0.157331,0.0719348,0.0407937,0.0929607,0.052001,0.271411,0.279048,0.226222,0.286702,0,0,0,
0,0.0619066,0.11395,-0.000643635,0.408345,0.308286,0.0237966,-0.406618,0.302933,0.0672678,-0.983065,1.20255,0.0458868,0.333095,-0.257646,-0.0981132,-0.524718,-0.077429,0.580251,-0.0377945,-0.11,0.0563911,0.18231,0.104449,0.0913087,0.152134,0.0520898,0.271142,0.279009,0.226158,0.286735,0,0,0,
0,0.0629932,0.117764,-0.000620526,0.399896,0.314376,0.0219257,-0.401676,0.311079,0.0631141,-0.980291,1.05607,0.0598278,0.348613,-0.256459,-0.0981567,-0.532583,-0.0757947,0.587802,-0.0367764,-0.112394,0.0373497,0.201956,0.129798,0.15109,0.201724,0.0520113,0.270902,0.279114,0.225969,0.286711,0,0,0,
0,0.0631926,0.119177,-0.000304245,0.395681,0.322255,0.0225769,-0.398858,0.314212,0.0606009,-0.981466,0.998768,0.0658328,0.354056,-0.25556,-0.098373,-0.536439,-0.0745261,0.590409,-0.0358344,-0.113954,0.032778,0.210379,0.140527,0.177975,0.23079,0.0519434,0.270591,0.278986,0.225789,0.286664,0,0,0,
0,0.0635026,0.119577,-3.65671e-05,0.392861,0.333511,0.0262644,-0.394408,0.318945,0.0547228,-0.98414,0.927831,0.0882519,0.364224,-0.252906,-0.0995703,-0.543877,-0.0706681,0.599233,-0.0371186,-0.116813,0.0290003,0.231774,0.175408,0.224849,0.273762,0.0520104,0.270358,0.278837,0.225978,0.286751,0,0,0,
0,0.0635838,0.116847,4.41556e-05,0.391888,0.33927,0.0291833,-0.39065,0.319912,0.0545105,-0.9862,0.903774,0.124242,0.36902,-0.25069,-0.100915,-0.54052,-0.0674939,0.599514,-0.0407813,-0.115973,0.02858,0.262311,0.231644,0.321897,0.349862,0.0522802,0.270347,0.278621,0.226106,0.286542,0,0,0,
0,0.0634546,0.114455,4.88067e-05,0.391637,0.340816,0.0298996,-0.389452,0.318559,0.0543413,-0.986819,0.899511,0.140742,0.367278,-0.250115,-0.101802,-0.539654,-0.067308,0.599371,-0.0423952,-0.115425,0.0281926,0.283829,0.284439,0.378043,0.396333,0.0522746,0.270478,0.278684,0.226248,0.286588,0,0,0,
0,0.0624684,0.109136,0.00022975,0.391545,0.339363,0.0292356,-0.387442,0.317046,0.0442166,-0.980685,0.837193,0.150566,0.355271,-0.249547,-0.10271,-0.533204,-0.0684159,0.596326,-0.0454051,-0.11338,0.0172997,0.386239,0.411143,0.505574,0.466037,0.0526517,0.270878,0.278985,0.226338,0.286425,0,0,0,
0,0.0622136,0.107181,0.000136615,0.39204,0.337999,0.0288632,-0.387201,0.316369,0.0426352,-0.982968,0.762572,0.152656,0.35395,-0.251007,-0.102689,-0.529781,-0.0699869,0.593575,-0.0457778,-0.111957,0.00736122,0.429499,0.466139,0.558751,0.502635,0.0529028,0.271158,0.279073,0.226425,0.286255,0,0,0,
0,0.0620822,0.107194,-0.000495965,0.392912,0.336158,0.0288271,-0.385199,0.313794,0.0334561,-1.00201,0.47858,0.135249,0.343709,-0.25407,-0.101433,-0.52323,-0.0732954,0.587242,-0.0461454,-0.108688,-0.0203202,0.531724,0.569693,0.654662,0.548969,0.0527141,0.271422,0.279178,0.226386,0.285894,0,0,0,
0,0.0626182,0.110824,-0.00104967,0.394786,0.338051,0.0304943,-0.38176,0.31392,0.0174167,-1.02992,0.0847423,0.115216,0.323107,-0.256513,-0.0991596,-0.520691,-0.0766032,0.581468,-0.0450399,-0.106515,-0.0532199,0.616494,0.676053,0.740153,0.619252,0.052375,0.271584,0.279225,0.226291,0.286069,0,0,0,
0,0.0631615,0.114287,-0.00166632,0.397476,0.346491,0.0337947,-0.37636,0.314698,-0.0518783,-1.07085,-0.266752,0.110774,0.253134,-0.257418,-0.0966082,-0.526296,-0.0798616,0.582339,-0.041532,-0.107595,-0.0919638,0.697066,0.775157,0.818966,0.669472,0.0522298,0.271334,0.279085,0.225983,0.286066,0,0,0,
0,0.0631416,0.115189,-0.001616,0.399228,0.351188,0.0352885,-0.373388,0.316356,-0.0683167,-1.08107,-0.431171,0.10375,0.219392,-0.257091,-0.0961982,-0.530599,-0.0800752,0.584291,-0.0395652,-0.108994,-0.111583,0.735464,0.822169,0.854963,0.687693,0.0519461,0.271336,0.278984,0.225856,0.286164,0,0,0,
0,0.0626594,0.11459,-0.00151168,0.402516,0.358874,0.0386471,-0.366698,0.318282,-0.115008,-1.097,-0.633328,0.111043,0.168584,-0.255184,-0.0957648,-0.541114,-0.0782763,0.590917,-0.0376714,-0.112491,-0.150576,0.803411,0.897439,0.918609,0.748377,0.0516998,0.270953,0.278923,0.225712,0.286086,0,0,0,
0,0.0625343,0.113472,-0.00142369,0.404371,0.361606,0.0409371,-0.363692,0.318488,-0.12575,-1.10123,-0.727086,0.114092,0.149582,-0.254345,-0.0961125,-0.543782,-0.0767491,0.593315,-0.0377364,-0.114166,-0.176326,0.840231,0.930671,0.943681,0.764255,0.0517466,0.271056,0.279112,0.226072,0.286148,0,0,0,
0,0.0622654,0.108788,-0.00133904,0.406706,0.364675,0.0437055,-0.358489,0.317644,-0.147895,-1.10367,-0.877101,0.124164,0.105828,-0.252635,-0.0974528,-0.549516,-0.0736149,0.598416,-0.0381048,-0.115639,-0.234927,0.885097,0.983995,0.968717,0.780925,0.0519762,0.271085,0.279035,0.226361,0.286191,0,0,0,
0,0.0625429,0.104215,-0.00204447,0.407013,0.365888,0.0452931,-0.356297,0.314977,-0.168677,-1.1025,-0.968629,0.130932,0.0738109,-0.251919,-0.0983547,-0.544707,-0.0711377,0.596734,-0.0411658,-0.115132,-0.277572,0.933339,1.04106,1.00399,0.796483,0.0522577,0.271203,0.27914,0.226628,0.286321,0,0,0,
0,0.0625687,0.102149,-0.00248636,0.406921,0.365959,0.0456378,-0.355624,0.312569,-0.176881,-1.1005,-1.01524,0.130281,0.0514815,-0.252448,-0.0991942,-0.541261,-0.070803,0.594797,-0.0422265,-0.114101,-0.292973,0.948948,1.06052,1.0169,0.799978,0.052466,0.27127,0.2792,0.226766,0.286386,0,0,0,
0,0.0628582,0.101118,-0.00365853,0.405977,0.364156,0.0462147,-0.355339,0.30823,-0.183773,-1.10099,-1.09176,0.12985,0.0162006,-0.254392,-0.0999369,-0.539413,-0.0720427,0.594223,-0.0431312,-0.111778,-0.316541,0.970018,1.08897,1.03686,0.808242,0.0528186,0.271526,0.279424,0.227288,0.286519,0,0,0,
0,0.063368,0.104722,-0.00452829,0.405708,0.362235,0.0457167,-0.35614,0.304921,-0.186596,-1.10366,-1.14911,0.11993,0.018102,-0.256595,-0.0997149,-0.538051,-0.0744457,0.593617,-0.0416649,-0.109467,-0.30889,0.951175,1.05191,1.00837,0.799458,0.0526049,0.271419,0.279647,0.227707,0.286975,0,0,0,
0,0.0638127,0.109192,-0.00501401,0.405515,0.361018,0.045635,-0.356564,0.304291,-0.196061,-1.09822,-1.16694,0.114328,0.0270268,-0.258582,-0.0987772,-0.539689,-0.0756738,0.593877,-0.040483,-0.109144,-0.300289,0.880964,0.99484,0.965984,0.767612,0.0523196,0.271319,0.279869,0.227819,0.287167,0,0,0,
0,0.0652501,0.119276,-0.00571965,0.405436,0.362426,0.046287,-0.35589,0.30457,-0.205026,-1.0939,-1.18736,0.106027,0.0520678,-0.26037,-0.0962556,-0.545232,-0.0763255,0.597865,-0.0391876,-0.109089,-0.286154,0.720847,0.787025,0.829152,0.687447,0.0522305,0.271052,0.280255,0.228179,0.28741,0,0,0,
0,0.0659308,0.126082,-0.00598866,0.406005,0.367513,0.0484676,-0.353447,0.305832,-0.206903,-1.09445,-1.20471,0.0972484,0.0688407,-0.257745,-0.0952361,-0.55343,-0.0768058,0.602581,-0.0378399,-0.110572,-0.281838,0.582945,0.637603,0.683709,0.605,0.0518925,0.270782,0.280203,0.228118,0.28778,0,0,0,
0,0.0658666,0.127588,-0.00647984,0.406307,0.369147,0.0498007,-0.352243,0.306805,-0.210327,-1.08872,-1.21371,0.0945571,0.0702802,-0.256883,-0.0945812,-0.556386,-0.0764418,0.605178,-0.0377879,-0.111749,-0.283262,0.51783,0.569132,0.612508,0.562174,0.051888,0.270515,0.28005,0.227959,0.287795,0,0,0,
0,0.0656133,0.126681,-0.00703174,0.405738,0.371998,0.0507245,-0.350277,0.307835,-0.211976,-1.08462,-1.23639,0.088549,0.0650266,-0.254584,-0.0948068,-0.558509,-0.0755226,0.607004,-0.0384778,-0.114999,-0.29246,0.409261,0.393217,0.46699,0.457486,0.051846,0.270425,0.279772,0.22762,0.287893,0,0,0,
0,0.0650258,0.124937,-0.00736302,0.405273,0.372232,0.0504927,-0.349718,0.307918,-0.212147,-1.08413,-1.25037,0.0848454,0.0605,-0.25403,-0.0957321,-0.555975,-0.0741365,0.606123,-0.039361,-0.115952,-0.298253,0.367093,0.333435,0.40382,0.40466,0.0520014,0.270319,0.279621,0.227646,0.287843,0,0,0,
0,0.0640955,0.120148,-0.00814637,0.403872,0.369193,0.0491851,-0.348349,0.306531,-0.212908,-1.07959,-1.27811,0.0785977,0.0470727,-0.253634,-0.0976683,-0.547538,-0.0722775,0.601969,-0.0416346,-0.116669,-0.309918,0.299068,0.247955,0.30967,0.336169,0.0522376,0.270461,0.279856,0.227917,0.288059,0,0,0,
0,0.0637993,0.11596,-0.0100706,0.402978,0.365307,0.0479323,-0.348264,0.304702,-0.214405,-1.07746,-1.29591,0.0757559,0.0310866,-0.254575,-0.0989383,-0.540212,-0.0725176,0.596281,-0.0431574,-0.115218,-0.313268,0.273799,0.20984,0.257453,0.299333,0.0524188,0.270647,0.280087,0.228221,0.288388,0,0,0,
0,0.0637236,0.115168,-0.0113152,0.402593,0.363082,0.0468542,-0.348988,0.304179,-0.214702,-1.07651,-1.2989,0.0769104,0.0272862,-0.255928,-0.0989926,-0.535344,-0.0731477,0.593187,-0.0432049,-0.114501,-0.314643,0.27145,0.204567,0.249013,0.293312,0.0524681,0.270729,0.280329,0.228592,0.288598,0,0,0,
0,0.0634685,0.118537,-0.0132081,0.400219,0.360165,0.0441011,-0.350915,0.302807,-0.216257,-1.07799,-1.26978,0.0954605,0.030015,-0.260238,-0.0992473,-0.529885,-0.0740829,0.588149,-0.0420568,-0.112087,-0.314926,0.293366,0.230542,0.263479,0.303789,0.052501,0.270534,0.280718,0.229547,0.289269,0,0,0,
0,0.0637174,0.126815,-0.0145664,0.395923,0.356009,0.0420571,-0.352654,0.302101,-0.211929,-1.07825,-1.21507,0.121214,0.0357635,-0.262458,-0.0981012,-0.541545,-0.0754854,0.593618,-0.0401984,-0.111871,-0.327446,0.33989,0.292938,0.309485,0.34651,0.0514528,0.270259,0.280905,0.230145,0.289796,0,0,0,
0,0.0644578,0.131253,-0.0149248,0.391482,0.352457,0.0413999,-0.352619,0.301739,-0.211205,-1.07944,-1.17625,0.141148,0.0393741,-0.261849,-0.0968789,-0.54076,-0.0758368,0.594224,-0.0398789,-0.112647,-0.337599,0.370872,0.347082,0.353214,0.365917,0.0511287,0.270083,0.280893,0.230198,0.289952,0,0,0,
0,0.0651062,0.139225,-0.0155879,0.384882,0.348244,0.04074,-0.350191,0.301766,-0.210792,-1.08184,-1.07473,0.189666,0.0541907,-0.260179,-0.0950334,-0.547883,-0.0754673,0.596724,-0.0396239,-0.114252,-0.343806,0.419503,0.433763,0.43063,0.426079,0.0508576,0.269905,0.280811,0.230087,0.290011,0,0,0,
0,0.0657254,0.140343,-0.0155768,0.369037,0.339524,0.0383048,-0.343498,0.302982,-0.152087,-1.0666,-0.970566,0.215347,0.0927631,-0.257557,-0.0941643,-0.553541,-0.0739163,0.600322,-0.0422405,-0.116879,-0.313947,0.461139,0.496271,0.484131,0.467887,0.0511029,0.270015,0.28059,0.229949,0.290094,0,0,0,
0,0.0655218,0.138106,-0.0151755,0.359121,0.333688,0.0355074,-0.340525,0.303793,-0.12231,-1.05423,-0.915916,0.233921,0.116709,-0.256925,-0.0943136,-0.554299,-0.0725017,0.602391,-0.0438394,-0.117843,-0.277491,0.480499,0.516718,0.498366,0.478554,0.0510761,0.27019,0.280569,0.229966,0.29004,0,0,0,
0,0.0635757,0.129104,-0.0134291,0.337503,0.317919,0.0265952,-0.336609,0.303638,-0.0823508,-1.02585,-0.733311,0.336978,0.154672,-0.254091,-0.0956606,-0.535843,-0.0710891,0.594682,-0.047236,-0.119051,-0.17757,0.506457,0.5444,0.512413,0.492285,0.0513715,0.270975,0.280669,0.230357,0.290198,0,0,0,
0,0.0630852,0.122684,-0.0124213,0.332035,0.315588,0.02421,-0.337114,0.303467,-0.0643285,-1.00679,-0.615075,0.386404,0.148591,-0.251515,-0.0964269,-0.513478,-0.0714373,0.580972,-0.0491373,-0.119137,-0.0928979,0.509941,0.549528,0.51432,0.493053,0.0516006,0.271493,0.281156,0.230817,0.290354,0,0,0,
0,0.0625933,0.111768,-0.0102301,0.299972,0.283146,0.010097,-0.346371,0.302336,-0.0300769,-0.948332,-0.461311,0.419905,0.127644,-0.258157,-0.100027,-0.502014,-0.0703828,0.565263,-0.0469871,-0.117041,-0.00934423,0.5069,0.543106,0.508905,0.487242,0.0518029,0.272835,0.282376,0.231378,0.290729,0,0,0,
0,0.06246,0.108617,-0.00910111,0.261767,0.234576,-0.00405269,-0.356844,0.300072,-0.00156462,-0.877474,-0.332572,0.456015,0.108697,-0.264341,-0.099152,-0.490452,-0.0691319,0.55706,-0.0448097,-0.113334,0.0304409,0.498991,0.533496,0.496578,0.488378,0.0519804,0.273655,0.282873,0.231582,0.290868,0,0,0,
0,0.0618774,0.110331,-0.00865562,0.252169,0.219662,-0.00831247,-0.365217,0.293436,0.0105071,-0.823391,-0.292448,0.454591,0.111423,-0.267817,-0.0988601,-0.491318,-0.0703618,0.555045,-0.0442911,-0.111001,0.0416003,0.492926,0.522669,0.486301,0.480344,0.051949,0.274412,0.283086,0.231646,0.29093,0,0,0,
0,0.0609085,0.116764,-0.00789707,0.213322,0.165068,-0.0198292,-0.374183,0.282859,0.0241893,-0.718907,-0.209208,0.425993,0.110721,-0.271351,-0.0952524,-0.468587,-0.0712582,0.540493,-0.0429965,-0.10825,0.0515538,0.485807,0.512567,0.47051,0.47224,0.0517608,0.275117,0.283325,0.23175,0.291274,0,0,0,
0,0.0591056,0.125427,-0.00607637,0.193222,0.13212,-0.0278307,-0.380984,0.270457,0.0301324,-0.610053,-0.129654,0.405223,0.105271,-0.274782,-0.0938325,-0.473249,-0.0741591,0.529545,-0.037659,-0.108352,0.0538747,0.478775,0.500011,0.459603,0.458187,0.0507525,0.27489,0.283332,0.231548,0.29134,0,0,0,
0,0.0579212,0.128882,-0.00527845,0.174085,0.107923,-0.0313773,-0.382587,0.268203,0.0298703,-0.579721,-0.112836,0.400994,0.105067,-0.274451,-0.092348,-0.485319,-0.0744462,0.535115,-0.0351968,-0.110608,0.0613135,0.475096,0.492972,0.450784,0.45067,0.0508212,0.2746,0.283117,0.231372,0.291227,0,0,0,
0,0.0549752,0.133859,-0.00360528,0.14436,0.068931,-0.035754,-0.372451,0.259285,0.0227623,-0.480163,-0.0787037,0.367033,0.091291,-0.273469,-0.0915793,-0.500837,-0.0726145,0.544468,-0.0325113,-0.114931,0.0726143,0.465511,0.477995,0.435733,0.44087,0.0511092,0.274105,0.282999,0.231188,0.291109,0,0,0,
0,0.0520791,0.134829,-0.00233895,0.124359,0.0412676,-0.0377875,-0.357382,0.250949,0.0214273,-0.422875,-0.044955,0.333582,0.0739642,-0.271209,-0.0928638,-0.513275,-0.0713858,0.553916,-0.0332339,-0.117681,0.0791246,0.454717,0.459326,0.414061,0.421942,0.0514006,0.273695,0.283008,0.231067,0.290849,0,0,0,
0,0.0507335,0.13496,-0.00219843,0.114262,0.0258911,-0.0379507,-0.348665,0.246506,0.0493826,-0.353145,-0.0435231,0.299707,0.071733,-0.271161,-0.0933628,-0.512377,-0.0687413,0.554261,-0.033774,-0.119757,0.0793168,0.451025,0.453271,0.406828,0.41476,0.0513969,0.273866,0.283382,0.231341,0.291056,0,0,0,
0,0.048776,0.135101,-0.00273661,0.0895346,-0.00884204,-0.036746,-0.341128,0.242029,0.105018,-0.281621,-0.070078,0.247714,0.0701701,-0.271946,-0.0953796,-0.513547,-0.066358,0.555375,-0.0355014,-0.120564,0.0765435,0.441687,0.438164,0.391094,0.40032,0.0521894,0.274174,0.283658,0.231639,0.291219,0,0,0,
0,0.048146,0.138314,-0.0042478,0.0640571,-0.0452124,-0.0342843,-0.320782,0.227633,0.184803,-0.207149,-0.134722,0.18395,0.0804469,-0.273844,-0.0976512,-0.526557,-0.0662846,0.563226,-0.0360016,-0.11833,0.0751641,0.435822,0.421463,0.372904,0.386655,0.0523364,0.27442,0.283909,0.23183,0.291369,0,0,0,
0,0.0480241,0.140138,-0.00523408,0.0578249,-0.0550812,-0.03334,-0.312552,0.221367,0.213416,-0.185555,-0.161653,0.155632,0.0824645,-0.275381,-0.0982069,-0.530339,-0.06727,0.567805,-0.0352047,-0.117155,0.0743353,0.431393,0.411312,0.364942,0.379656,0.052626,0.274757,0.284058,0.231812,0.291465,0,0,0,
0,0.049449,0.142376,-0.00819281,0.0283761,-0.0883773,-0.0287889,-0.300282,0.208001,0.266344,-0.151584,-0.198897,0.113314,0.0836984,-0.272878,-0.0974064,-0.516206,-0.0706517,0.565253,-0.0357784,-0.116846,0.0720938,0.417933,0.39015,0.342111,0.36484,0.0528431,0.275009,0.28417,0.231798,0.291538,0,0,0,
0,0.0488589,0.141758,-0.011005,0.00783971,-0.11006,-0.0236701,-0.289851,0.194099,0.34623,-0.112688,-0.265969,0.0678172,0.0865858,-0.269828,-0.0952837,-0.56604,-0.0730216,0.588318,-0.0359075,-0.112061,0.0689092,0.397947,0.366311,0.324885,0.353021,0.0527469,0.275555,0.28415,0.231836,0.291638,0,0,0,
0,0.0484793,0.141226,-0.0121762,0.000468607,-0.117366,-0.0215587,-0.285757,0.188795,0.368543,-0.0999999,-0.288839,0.0497188,0.0859347,-0.269187,-0.0945607,-0.577925,-0.0753141,0.600537,-0.035697,-0.111314,0.0675891,0.390688,0.356786,0.317325,0.347386,0.0527955,0.275822,0.284298,0.231933,0.291775,0,0,0,
0,0.0483739,0.138914,-0.0144793,-0.0179372,-0.138713,-0.0144184,-0.276585,0.178774,0.403618,-0.0835828,-0.322878,0.0218072,0.081254,-0.268295,-0.0923717,-0.597605,-0.0786121,0.617904,-0.034444,-0.109655,0.0670239,0.374655,0.338673,0.302033,0.335613,0.0531963,0.276314,0.284142,0.232021,0.292119,0,0,0,
0,0.0479546,0.136234,-0.0161829,-0.0309801,-0.157411,-0.00545988,-0.264848,0.169579,0.507189,-0.0690771,-0.391127,-0.00832328,0.0846856,-0.267184,-0.0897739,-0.609961,-0.0811419,0.630328,-0.0324692,-0.110505,0.0666562,0.363655,0.324499,0.288342,0.326753,0.0538291,0.276668,0.284131,0.232069,0.29249,0,0,0,
0,0.0475734,0.135032,-0.0167418,-0.0336998,-0.161594,-0.00306292,-0.259223,0.166128,0.525466,-0.067095,-0.419656,-0.0231891,0.0878894,-0.267032,-0.0887372,-0.614463,-0.0815697,0.635174,-0.0312039,-0.111407,0.0663592,0.358973,0.31947,0.284019,0.323691,0.0545864,0.276836,0.284238,0.232184,0.29266,0,0,0,
0,0.047171,0.133277,-0.0180314,-0.0409681,-0.176283,0.00444343,-0.250639,0.161113,0.534446,-0.0655668,-0.457406,-0.0669053,0.106791,-0.265228,-0.0858725,-0.61495,-0.0817087,0.636739,-0.0279603,-0.11226,0.0741322,0.355576,0.316142,0.282928,0.323115,0.0561751,0.276927,0.284392,0.232072,0.292714,0,0,0,
0,0.0469938,0.133185,-0.0187913,-0.042314,-0.179083,0.00633139,-0.247748,0.159171,0.522482,-0.0670606,-0.460886,-0.0902474,0.120083,-0.264508,-0.0849444,-0.618569,-0.0818263,0.635609,-0.0245841,-0.113235,0.0808363,0.357905,0.315609,0.284388,0.324858,0.0566115,0.277074,0.284736,0.232149,0.292927,0,0,0,
0,0.0472995,0.133138,-0.0208032,-0.0440241,-0.181331,0.00913569,-0.241592,0.152543,0.457912,-0.0743827,-0.425052,-0.116904,0.138002,-0.262173,-0.0833004,-0.635148,-0.0816262,0.641399,-0.0207601,-0.1153,0.0878102,0.358242,0.314278,0.28509,0.325356,0.0619532,0.276604,0.28475,0.231595,0.293206,0,0,0,
0,0.0469359,0.133199,-0.0216583,-0.0547542,-0.200576,0.0230019,-0.237106,0.146022,0.405805,-0.0849167,-0.370683,-0.114472,0.132324,-0.259868,-0.0823085,-0.639974,-0.0811877,0.648207,-0.0200889,-0.117346,0.0860099,0.355118,0.310151,0.28148,0.321949,0.0638241,0.275988,0.284546,0.231322,0.293165,0,0,0,
0,0.0466021,0.133176,-0.021839,-0.0560919,-0.203599,0.0246063,-0.236133,0.144562,0.403728,-0.0881222,-0.354063,-0.105529,0.125792,-0.258863,-0.0817491,-0.636994,-0.0813787,0.647275,-0.0202689,-0.11775,0.0841313,0.351521,0.306383,0.277622,0.318813,0.0642029,0.275897,0.28451,0.23126,0.29321,0,0,0,
0,0.0457648,0.132881,-0.0218453,-0.0567992,-0.205787,0.0260006,-0.235963,0.131221,0.356394,-0.08621,-0.310002,-0.0918099,0.123438,-0.257111,-0.0811396,-0.640275,-0.0797487,0.648739,-0.0226109,-0.117704,0.081946,0.34697,0.302367,0.272405,0.314145,0.0645405,0.275952,0.284613,0.231415,0.293325,0,0,0,
0,0.0454672,0.131904,-0.0215376,-0.053778,-0.206069,0.0255274,-0.238088,0.123511,0.289073,-0.0814392,-0.254901,-0.0919636,0.127156,-0.256044,-0.0807406,-0.637448,-0.0799592,0.646527,-0.0245917,-0.117521,0.0844679,0.346072,0.302534,0.271902,0.312785,0.064816,0.276146,0.284704,0.231602,0.293608,0,0,0,
0,0.0453322,0.13119,-0.0211824,-0.0523185,-0.206238,0.0249389,-0.239883,0.121336,0.258185,-0.0806023,-0.226532,-0.0928447,0.129369,-0.256259,-0.0806914,-0.634925,-0.0800699,0.644968,-0.0252891,-0.118146,0.0857715,0.346348,0.302777,0.272194,0.312794,0.0647673,0.276243,0.284645,0.231655,0.293775,0,0,0,
0,0.0446719,0.131166,-0.0200907,-0.0491811,-0.207542,0.0227497,-0.244029,0.120429,0.206566,-0.0823579,-0.183405,-0.0939167,0.130544,-0.257489,-0.0808446,-0.622542,-0.0802081,0.638926,-0.026656,-0.120075,0.087718,0.346447,0.302838,0.27255,0.31288,0.0650977,0.276219,0.284789,0.231848,0.293877,0,0,0,
0,0.0462708,0.131757,-0.0196488,-0.0477092,-0.209808,0.0191327,-0.249889,0.12129,0.178994,-0.0861259,-0.152099,-0.0887494,0.126986,-0.259504,-0.0817632,-0.605811,-0.080179,0.625889,-0.0283952,-0.120124,0.0877482,0.346177,0.302589,0.272403,0.312731,0.0652589,0.276231,0.284784,0.231737,0.293703,0,0,0,
0,0.0461596,0.132491,-0.0195294,-0.0452908,-0.211008,0.0163838,-0.252444,0.121447,0.174641,-0.086571,-0.144964,-0.0848508,0.124713,-0.260751,-0.0820215,-0.598116,-0.0803489,0.619197,-0.0284253,-0.120185,0.0873651,0.345872,0.302428,0.272172,0.312578,0.0653025,0.276261,0.284816,0.23173,0.293649,0,0,0,
0,0.0457745,0.134421,-0.0195156,-0.0413769,-0.213335,0.0132386,-0.256107,0.121001,0.17154,-0.085444,-0.138715,-0.0788422,0.119419,-0.26313,-0.0826587,-0.589338,-0.0803092,0.60883,-0.0281578,-0.119684,0.0874812,0.345432,0.301942,0.271735,0.312029,0.0654448,0.276205,0.284713,0.231724,0.293494,0,0,0,
0,0.0453872,0.135455,-0.0195283,-0.0400942,-0.21422,0.0124176,-0.256755,0.120423,0.174882,-0.0849003,-0.140134,-0.0766482,0.116142,-0.264244,-0.0829271,-0.588805,-0.080146,0.606404,-0.0279977,-0.119289,0.0869929,0.344941,0.301678,0.27134,0.311519,0.0655437,0.27613,0.284635,0.231642,0.293416,0,0,0,
0,0.0454247,0.137783,-0.0194842,-0.0377218,-0.215466,0.01065,-0.257397,0.119416,0.183525,-0.0832548,-0.145354,-0.0724566,0.11262,-0.265899,-0.0835351,-0.591841,-0.0794508,0.606187,-0.0275833,-0.118861,0.0857006,0.344182,0.301368,0.271077,0.310854,0.0656876,0.275904,0.284532,0.231537,0.293195,0,0,0,
0,0.0454331,0.139794,-0.0197561,-0.0359072,-0.215376,0.00980695,-0.258634,0.117648,0.180996,-0.0816272,-0.14691,-0.0699283,0.112855,-0.26766,-0.0838603,-0.593648,-0.0792145,0.607575,-0.0277112,-0.118612,0.0852527,0.343639,0.300871,0.270654,0.310144,0.0657854,0.275925,0.284517,0.231401,0.293051,0,0,0,
0,0.0454076,0.140113,-0.0199187,-0.0346683,-0.213851,0.00870292,-0.258787,0.116954,0.175095,-0.0798645,-0.143635,-0.0690304,0.113262,-0.268048,-0.0839054,-0.595122,-0.0787125,0.608242,-0.0279435,-0.118391,0.0853303,0.343195,0.300547,0.270464,0.309899,0.0656672,0.275888,0.284518,0.231328,0.293028,0,0,0,
0,0.0461147,0.139576,-0.0200437,-0.0339044,-0.210585,0.00759839,-0.25847,0.116964,0.159318,-0.0763764,-0.132458,-0.0701282,0.113841,-0.267598,-0.0843619,-0.598191,-0.0780536,0.611118,-0.0295484,-0.117796,0.0863618,0.34285,0.300252,0.270197,0.309453,0.0657231,0.275947,0.28464,0.231272,0.29302,0,0,0,
0,0.0468509,0.139575,-0.0203605,-0.0334611,-0.210006,0.00691124,-0.258181,0.117534,0.157265,-0.075784,-0.125809,-0.0710574,0.113585,-0.268081,-0.0845415,-0.597919,-0.0784709,0.612739,-0.0297471,-0.117397,0.0868551,0.342522,0.300025,0.269966,0.309197,0.065681,0.275879,0.284708,0.231219,0.292972,0,0,0,
0,0.0472083,0.13972,-0.0205058,-0.0326147,-0.210736,0.00680482,-0.258308,0.117633,0.154235,-0.0756332,-0.1233,-0.0710498,0.113131,-0.268373,-0.0842742,-0.596432,-0.078527,0.612123,-0.0296182,-0.117174,0.0868098,0.342279,0.299864,0.26985,0.309034,0.0655337,0.275868,0.284628,0.231197,0.292967,0,0,0,
0,0.0467328,0.139909,-0.0206995,-0.0308873,-0.21086,0.00735552,-0.258213,0.11793,0.14596,-0.0752965,-0.115698,-0.0714888,0.113941,-0.268238,-0.0834768,-0.595727,-0.0786872,0.60973,-0.0295835,-0.116522,0.0869646,0.341797,0.29952,0.269243,0.308671,0.065314,0.275917,0.284426,0.231012,0.292941,0,0,0,
0,0.0470513,0.13989,-0.0210684,-0.0303637,-0.210686,0.00799231,-0.258598,0.118589,0.140845,-0.0751526,-0.108793,-0.0721995,0.113754,-0.268028,-0.0831118,-0.592649,-0.0790814,0.608028,-0.030073,-0.116996,0.0873984,0.341429,0.299125,0.268705,0.308265,0.0652104,0.276045,0.284442,0.230973,0.29306,0,0,0,
0,0.0464451,0.139895,-0.0211183,-0.0290923,-0.208644,0.00814217,-0.258745,0.118874,0.139992,-0.0749689,-0.106623,-0.0720216,0.113271,-0.267973,-0.082966,-0.591511,-0.0792033,0.60676,-0.0298693,-0.117197,0.0876067,0.34142,0.299171,0.26864,0.308221,0.0651144,0.276055,0.284428,0.231051,0.29313,0,0,0,
0,0.0453207,0.139918,-0.0211449,-0.0279414,-0.207064,0.00832795,-0.258604,0.119041,0.140873,-0.0745794,-0.105302,-0.0716082,0.112282,-0.268028,-0.0826564,-0.591541,-0.0792514,0.60521,-0.0300329,-0.116969,0.0874705,0.341267,0.299299,0.268511,0.308129,0.0651255,0.27595,0.284201,0.230954,0.293002,0,0,0,
0,0.0447174,0.139863,-0.0211056,-0.0274859,-0.206572,0.00842461,-0.258378,0.119087,0.139361,-0.0745238,-0.103052,-0.0709661,0.112501,-0.268061,-0.0824631,-0.593626,-0.0791808,0.606435,-0.0297985,-0.117195,0.0872425,0.341228,0.299262,0.268387,0.308075,0.065225,0.275799,0.284252,0.230844,0.292989,0,0,0,
0,0.0447432,0.14007,-0.021252,-0.027657,-0.206792,0.00850556,-0.258748,0.118916,0.137142,-0.0746451,-0.100847,-0.0706843,0.112607,-0.268381,-0.0825303,-0.593157,-0.0792483,0.606823,-0.0296856,-0.117362,0.0871342,0.340973,0.299174,0.268261,0.308048,0.0651672,0.275773,0.28424,0.230881,0.293007,0,0,0,
0,0.0437717,0.140417,-0.0211149,-0.0256037,-0.206497,0.00745798,-0.258813,0.118527,0.134216,-0.0748599,-0.0976791,-0.0701976,0.11218,-0.268847,-0.0825566,-0.593225,-0.0790489,0.606812,-0.0293061,-0.117282,0.0869409,0.340752,0.299344,0.268431,0.308478,0.0651207,0.275515,0.284167,0.230843,0.292933,0,0,0,
0,0.0438532,0.140869,-0.0210696,-0.0249425,-0.20664,0.00683484,-0.259385,0.118153,0.135508,-0.0748273,-0.0971521,-0.0700591,0.11172,-0.269299,-0.0827889,-0.591918,-0.0789507,0.605941,-0.0287488,-0.117463,0.0867608,0.34081,0.299575,0.268709,0.308804,0.0648645,0.275331,0.284218,0.230806,0.292867,0,0,0,
0,0.0440948,0.141488,-0.0210898,-0.0240142,-0.206945,0.00647288,-0.259415,0.117711,0.131164,-0.0743923,-0.0943205,-0.0696136,0.111192,-0.269359,-0.0829724,-0.593574,-0.078004,0.605869,-0.0289792,-0.117329,0.0866081,0.340646,0.299914,0.269151,0.30925,0.064865,0.274923,0.284142,0.230595,0.292629,0,0,0,
0,0.0437877,0.141637,-0.0210593,-0.0235178,-0.206746,0.00637546,-0.258674,0.117446,0.125818,-0.0744362,-0.0889955,-0.0694577,0.111704,-0.269001,-0.0829606,-0.594692,-0.0775936,0.606848,-0.0296127,-0.117437,0.0865746,0.340364,0.30005,0.269428,0.309577,0.0646714,0.274809,0.284108,0.230528,0.292563,0,0,0,
