0,0.0317839,0.10624,-0.00221484,0.00881866,-0.20398,-0.00133978,-0.274215,0.0647331,-0.371694,-0.071333,0.469791,-0.00658909,0.0633268,-0.279027,-0.0879007,-0.841646,-0.0675704,0.742625,-0.06588,-0.110986,0.11055,0.276407,0.266782,0.247873,0.292584,0.100743,0.26628,0.289395,0.250022,0.306267,0,0,0,
0,0.032791,0.108349,-0.00273174,0.00745938,-0.204529,-0.000968645,-0.275876,0.0645507,-0.374653,-0.0713902,0.46873,-0.00579792,0.0632995,-0.280626,-0.0872244,-0.848376,-0.0668473,0.744346,-0.0646132,-0.111619,0.110315,0.276405,0.266798,0.247741,0.292473,0.100681,0.265861,0.289477,0.249941,0.306134,0,0,0,
0,0.0331577,0.108927,-0.00301959,0.00917323,-0.201472,-0.0011687,-0.275484,0.0647528,-0.381071,-0.0708672,0.473088,-0.00538569,0.0638748,-0.279794,-0.0869728,-0.85057,-0.0662688,0.746903,-0.0653273,-0.111973,0.110547,0.276316,0.266773,0.24771,0.292333,0.100579,0.265625,0.289453,0.249848,0.306022,0,0,0,
0,0.0331542,0.108989,-0.00305855,0.00990583,-0.199798,-0.00155071,-0.275382,0.0648343,-0.385847,-0.0709112,0.476859,-0.00515281,0.0640944,-0.279665,-0.0868499,-0.849769,-0.0661995,0.746164,-0.0654062,-0.1127,0.110663,0.276296,0.266799,0.247768,0.292334,0.100591,0.265522,0.289569,0.249764,0.306029,0,0,0,
0,0.032715,0.107934,-0.00285936,0.0112469,-0.194443,-0.00307685,-0.274106,0.0649635,-0.39665,-0.0710685,0.485831,-0.00515921,0.064811,-0.278501,-0.0869157,-0.851533,-0.0650274,0.745836,-0.0663149,-0.113799,0.110939,0.276227,0.26678,0.247846,0.292438,0.100613,0.265079,0.289631,0.24949,0.305917,0,0,0,
0,0.0328252,0.105323,-0.00284042,0.011478,-0.188856,-0.00426484,-0.273358,0.0650554,-0.400167,-0.0714809,0.492788,-0.00602296,0.0644176,-0.277748,-0.0875676,-0.847145,-0.0639725,0.743217,-0.0682211,-0.114351,0.111022,0.276146,0.266626,0.247744,0.292366,0.100685,0.264863,0.289655,0.249193,0.305857,0,0,0,
0,0.0330058,0.104416,-0.00279758,0.0112682,-0.187685,-0.00447753,-0.273744,0.0651492,-0.396605,-0.0715986,0.492334,-0.00715939,0.0647062,-0.278154,-0.0881494,-0.843604,-0.0640175,0.740451,-0.069535,-0.114172,0.111201,0.276089,0.266612,0.247724,0.292358,0.100793,0.264954,0.289734,0.249109,0.305837,0,0,0,
0,0.0326362,0.103278,-0.00254051,0.0110717,-0.18794,-0.00446767,-0.274752,0.0650388,-0.388953,-0.0724358,0.487575,-0.00866734,0.0643284,-0.279845,-0.0891777,-0.83866,-0.06486,0.736223,-0.0710103,-0.112927,0.111149,0.275957,0.266513,0.247572,0.292376,0.101099,0.26544,0.289887,0.249142,0.305824,0,0,0,
0,0.0329696,0.102745,-0.00242746,0.0111226,-0.188435,-0.00463226,-0.275299,0.0648973,-0.384209,-0.0726514,0.483739,-0.0091333,0.0643931,-0.280785,-0.0892939,-0.836582,-0.0655789,0.734278,-0.0711424,-0.112363,0.111159,0.275924,0.26647,0.247576,0.292452,0.101187,0.265548,0.28989,0.249089,0.30583,0,0,0,
0,0.0334677,0.101432,-0.00205703,0.0114714,-0.188974,-0.0050961,-0.276366,0.0644012,-0.381197,-0.0729767,0.478526,-0.00907374,0.0643604,-0.282206,-0.0892174,-0.838236,-0.0664673,0.733892,-0.0704648,-0.111514,0.111212,0.275951,0.266448,0.24746,0.292579,0.101044,0.265815,0.290051,0.249082,0.305673,0,0,0,
0,0.0342367,0.099916,-0.0018786,0.0116975,-0.190132,-0.00500154,-0.277104,0.0642846,-0.37963,-0.0730522,0.476714,-0.00801793,0.0642556,-0.282977,-0.0889725,-0.839133,-0.0671848,0.733547,-0.0699224,-0.110846,0.111173,0.276247,0.266626,0.247512,0.292789,0.101029,0.266262,0.290065,0.249108,0.305618,0,0,0,
0,0.0347573,0.0987791,-0.00181354,0.0116132,-0.189721,-0.00499778,-0.277018,0.064221,-0.38093,-0.0730462,0.477415,-0.00728036,0.0643413,-0.283128,-0.0889115,-0.842136,-0.0673096,0.734646,-0.0693802,-0.111008,0.111153,0.276346,0.266661,0.247435,0.292783,0.100859,0.266482,0.289986,0.249061,0.305517,0,0,0,
0,0.0353054,0.0974714,-0.00168758,0.0122104,-0.189228,-0.00470638,-0.277464,0.0642718,-0.386111,-0.0734641,0.481636,-0.00702055,0.0652689,-0.284463,-0.0893724,-0.841565,-0.0668239,0.734872,-0.0691323,-0.112357,0.111329,0.276497,0.266825,0.247519,0.292961,0.100574,0.267062,0.289994,0.24891,0.305527,0,0,0,
0,0.0352581,0.0966709,-0.0010619,0.0143117,-0.187457,-0.00586108,-0.278719,0.06482,-0.39,-0.0731329,0.485285,-0.00719705,0.0659004,-0.285385,-0.0902111,-0.836066,-0.0655331,0.730572,-0.0693036,-0.113587,0.111325,0.27646,0.266778,0.247529,0.293146,0.100616,0.267353,0.289914,0.248906,0.305466,0,0,0,
0,0.0354112,0.0963956,-0.00123574,0.0165754,-0.18453,-0.00639541,-0.279442,0.0651365,-0.393746,-0.0736384,0.488553,-0.00720879,0.0659621,-0.28618,-0.0908907,-0.836406,-0.0647553,0.729321,-0.0695186,-0.11401,0.111309,0.276487,0.26676,0.24757,0.293214,0.100722,0.267574,0.289975,0.24898,0.305552,0,0,0,
0,0.0356239,0.0960503,-0.00193041,0.0248182,-0.170179,-0.0068954,-0.280064,0.0654338,-0.398612,-0.0748537,0.493807,-0.00712583,0.0655564,-0.286822,-0.0921838,-0.8396,-0.0634405,0.730198,-0.0705586,-0.113918,0.11128,0.276505,0.266629,0.24762,0.293316,0.10085,0.268024,0.290081,0.249003,0.305684,0,0,0,
0,0.0346664,0.0940239,-0.00308917,0.0371256,-0.142538,-0.00545802,-0.278995,0.0663739,-0.400364,-0.0751854,0.495932,-0.00727681,0.0646985,-0.286261,-0.0932146,-0.849588,-0.0630474,0.736055,-0.071489,-0.11243,0.11089,0.27665,0.266515,0.247897,0.29388,0.101196,0.268562,0.289943,0.248945,0.305707,0,0,0,
0,0.0339966,0.0927683,-0.0037835,0.0451117,-0.11974,-0.00474653,-0.278548,0.0667874,-0.397956,-0.0749738,0.493755,-0.00758347,0.0639827,-0.285894,-0.0934427,-0.851063,-0.0631185,0.738482,-0.0720598,-0.11163,0.110895,0.276647,0.26645,0.247911,0.293987,0.101584,0.26892,0.28996,0.249021,0.305722,0,0,0,
0,0.0341093,0.0911528,-0.00586143,0.0585317,-0.0707197,-0.00334123,-0.277715,0.0669259,-0.390035,-0.0740223,0.487928,-0.00707606,0.0625741,-0.28583,-0.0936019,-0.857818,-0.063662,0.744162,-0.0715903,-0.10965,0.110622,0.276848,0.266808,0.248371,0.294445,0.101766,0.26951,0.289935,0.24915,0.305779,0,0,0,
0,0.0357138,0.0907606,-0.00929876,0.0809697,-0.0271772,0.00349821,-0.276275,0.0667304,-0.384375,-0.0730133,0.484355,-0.00476402,0.0625721,-0.285126,-0.0928407,-0.863305,-0.0644354,0.750147,-0.0707729,-0.108633,0.11003,0.277067,0.267177,0.249312,0.295174,0.101914,0.270531,0.289996,0.249358,0.30598,0,0,0,
0,0.036525,0.0910168,-0.0109453,0.0948667,-0.0114436,0.0090399,-0.275392,0.0663648,-0.384091,-0.0726234,0.484063,-0.00341733,0.0633865,-0.285095,-0.0923953,-0.86521,-0.0646935,0.752026,-0.0698366,-0.10848,0.109768,0.277362,0.267388,0.249804,0.296012,0.102054,0.271404,0.290118,0.249764,0.306133,0,0,0,
0,0.0382711,0.0921053,-0.0145689,0.132429,0.00508553,0.0244932,-0.273533,0.0662681,-0.387388,-0.0717136,0.487174,-7.83993e-05,0.0648914,-0.284999,-0.0915759,-0.875515,-0.0636617,0.758034,-0.0679409,-0.108636,0.109479,0.277971,0.268661,0.250972,0.297791,0.102049,0.272401,0.290489,0.250664,0.306548,0,0,0,
0,0.0400414,0.0931638,-0.0169619,0.147883,0.0069059,0.0318449,-0.272998,0.0668017,-0.39077,-0.0714684,0.490286,0.000636035,0.0659783,-0.284986,-0.0908854,-0.878282,-0.0631531,0.760204,-0.0675938,-0.108515,0.109276,0.278316,0.269592,0.251393,0.298415,0.101926,0.272479,0.290588,0.250864,0.306605,0,0,0,
0,0.042886,0.0956105,-0.0217209,0.185577,0.00307708,0.0454585,-0.271971,0.068122,-0.388895,-0.0712185,0.49206,0.00142054,0.0677574,-0.284785,-0.0896992,-0.87835,-0.0618546,0.760087,-0.067937,-0.108733,0.108809,0.278711,0.270696,0.252406,0.299891,0.102005,0.273164,0.290925,0.252226,0.306787,0,0,0,
0,0.0451989,0.10045,-0.0264248,0.219927,-0.00616643,0.0532066,-0.273041,0.0691958,-0.384538,-0.071426,0.489064,0.00168765,0.0699275,-0.286157,-0.0886881,-0.871261,-0.0607153,0.756985,-0.0699439,-0.109443,0.109053,0.279818,0.271996,0.253782,0.301442,0.102457,0.274047,0.291831,0.253977,0.307053,0,0,0,
0,0.0456685,0.103603,-0.0287245,0.241146,-0.012961,0.054327,-0.273858,0.0703042,-0.383666,-0.0714725,0.488289,0.00159506,0.0699189,-0.287563,-0.0883613,-0.866354,-0.0606783,0.752749,-0.0711864,-0.109812,0.108869,0.280384,0.272678,0.254645,0.30217,0.102775,0.274523,0.292276,0.254674,0.307288,0,0,0,
0,0.0476109,0.113038,-0.0335545,0.268609,-0.0260154,0.0519104,-0.277597,0.0710897,-0.373136,-0.0710917,0.483083,-0.000582723,0.0716392,-0.29176,-0.0868987,-0.843851,-0.0608485,0.734612,-0.0737534,-0.111494,0.109508,0.281076,0.273457,0.255612,0.303125,0.103015,0.275187,0.292924,0.255907,0.308127,0,0,0,
0,0.0511825,0.123468,-0.0384827,0.286766,-0.0337254,0.0475712,-0.280702,0.0720112,-0.362252,-0.0726069,0.476244,-0.00505145,0.0759512,-0.295436,-0.0859084,-0.810717,-0.0623079,0.707986,-0.0771806,-0.112919,0.110375,0.281712,0.274242,0.256293,0.304144,0.103254,0.275802,0.293387,0.256841,0.308788,0,0,0,
0,0.0522504,0.127697,-0.0403561,0.296164,-0.0319766,0.0448029,-0.281112,0.0735462,-0.350101,-0.0737349,0.468,-0.00786773,0.0779115,-0.297121,-0.0853398,-0.802497,-0.063317,0.69732,-0.0778714,-0.113126,0.110602,0.281881,0.274502,0.256416,0.304545,0.103251,0.275958,0.293407,0.257213,0.309082,0,0,0,
0,0.055076,0.13231,-0.0428635,0.308423,-0.0161858,0.0395099,-0.282445,0.0761213,-0.325488,-0.0745435,0.445636,-0.013608,0.0813443,-0.297262,-0.0848603,-0.790751,-0.0637415,0.682364,-0.0784247,-0.113775,0.110183,0.28215,0.274839,0.256508,0.305191,0.103207,0.275994,0.293275,0.257423,0.309486,0,0,0,
0,0.055514,0.133951,-0.044338,0.319104,0.0097,0.0357587,-0.283102,0.0786393,-0.301526,-0.076124,0.41926,-0.0236539,0.0835849,-0.295918,-0.0844045,-0.788542,-0.0633414,0.675773,-0.079469,-0.114332,0.11129,0.282139,0.275191,0.256594,0.305842,0.103292,0.276234,0.293496,0.257694,0.309787,0,0,0,
0,0.0552228,0.133638,-0.0445259,0.325927,0.0278948,0.0343177,-0.282036,0.0800227,-0.284082,-0.0772692,0.40174,-0.0324503,0.0866396,-0.29465,-0.0842008,-0.790155,-0.0630163,0.67499,-0.0798548,-0.114136,0.109508,0.282269,0.274808,0.256468,0.306371,0.103224,0.276424,0.293557,0.257736,0.309998,0,0,0,
0,0.0546542,0.131805,-0.0441021,0.340569,0.0635812,0.0327682,-0.27927,0.0853847,-0.211359,-0.0876023,0.337381,-0.0621576,0.0973411,-0.292421,-0.0845544,-0.792661,-0.0630741,0.67608,-0.0808058,-0.113463,0.108778,0.28211,0.275499,0.258874,0.308746,0.103568,0.276716,0.293562,0.257853,0.310208,0,0,0,
0,0.0542239,0.128007,-0.0427692,0.353665,0.100537,0.032188,-0.278063,0.0981178,-0.0927788,-0.116819,0.236313,-0.116123,0.117309,-0.290726,-0.0858811,-0.797229,-0.0622898,0.677107,-0.0800468,-0.112664,0.123117,0.286102,0.280387,0.267364,0.315818,0.103471,0.277148,0.293609,0.258002,0.310385,0,0,0,
0,0.0537384,0.126508,-0.0419263,0.359751,0.118512,0.0320757,-0.279425,0.105572,-0.0379387,-0.145656,0.189373,-0.134128,0.127214,-0.290022,-0.0860776,-0.799368,-0.061832,0.677862,-0.0806374,-0.113032,0.121904,0.291386,0.286237,0.280194,0.322544,0.103679,0.277376,0.293688,0.258056,0.310425,0,0,0,
0,0.0549309,0.123734,-0.0392398,0.370844,0.158261,0.0302258,-0.287991,0.119089,0.0479508,-0.220693,0.17093,-0.172498,0.156075,-0.288751,-0.0879148,-0.793427,-0.0605067,0.676919,-0.0818453,-0.112689,0.124411,0.307544,0.310941,0.330269,0.343185,0.103949,0.277725,0.293787,0.2582,0.31068,0,0,0,
0,0.05589,0.122153,-0.037749,0.374361,0.177973,0.0279808,-0.3014,0.132378,0.0850045,-0.260789,0.190666,-0.177975,0.163611,-0.287856,-0.0883412,-0.788446,-0.0594922,0.674711,-0.0822082,-0.11205,0.118504,0.316692,0.33285,0.367895,0.355406,0.103797,0.27813,0.293873,0.258287,0.310737,0,0,0,
0,0.0570075,0.118114,-0.0346135,0.379418,0.214349,0.0201533,-0.334534,0.154605,0.146859,-0.318421,0.314265,-0.193354,0.186682,-0.28536,-0.0886065,-0.775401,-0.0602171,0.666413,-0.0835858,-0.110019,0.123483,0.334802,0.385533,0.45949,0.39167,0.103625,0.278523,0.293829,0.258181,0.310583,0,0,0,
0,0.0569389,0.113614,-0.0301937,0.384815,0.251069,0.00689477,-0.371362,0.170421,0.196363,-0.372008,0.505946,-0.191514,0.2094,-0.283334,-0.0877227,-0.763779,-0.0584436,0.657299,-0.0850897,-0.108787,0.135014,0.3499,0.432676,0.518205,0.412805,0.103359,0.279209,0.293638,0.257968,0.310396,0,0,0,
0,0.0560872,0.111016,-0.0274162,0.391415,0.269906,-0.00113728,-0.39458,0.179896,0.213521,-0.38435,0.615472,-0.188925,0.224043,-0.281906,-0.0868635,-0.751611,-0.0589117,0.649798,-0.0856869,-0.108503,0.141309,0.358691,0.452026,0.53213,0.41717,0.10325,0.279737,0.293529,0.257906,0.310524,0,0,0,
0,0.0537257,0.107464,-0.0212712,0.404863,0.303024,-0.0154196,-0.445314,0.197711,0.244822,-0.398555,0.781951,-0.171489,0.25489,-0.280927,-0.0850622,-0.728498,-0.0603286,0.630638,-0.0851475,-0.108953,0.147117,0.37047,0.478564,0.536809,0.420453,0.103724,0.280299,0.293597,0.258134,0.31077,0,0,0,
0,0.0525646,0.104458,-0.0158826,0.417777,0.325058,-0.0206927,-0.482855,0.208678,0.260851,-0.399851,0.907015,-0.154784,0.290137,-0.280723,-0.0839758,-0.721139,-0.0612046,0.617541,-0.0816099,-0.110711,0.147108,0.375934,0.481226,0.507062,0.405793,0.103047,0.280792,0.293604,0.258274,0.310861,0,0,0,
0,0.0528701,0.103746,-0.0132003,0.423393,0.332106,-0.019635,-0.497735,0.211674,0.265869,-0.39771,0.961079,-0.139476,0.304206,-0.28072,-0.0837039,-0.718859,-0.0604487,0.614736,-0.0800764,-0.112335,0.146374,0.377318,0.473147,0.48158,0.397846,0.10289,0.280955,0.293635,0.258312,0.311012,0,0,0,
0,0.0525756,0.101721,-0.00823693,0.431712,0.339569,-0.015331,-0.528608,0.218713,0.277663,-0.386691,1.06004,-0.105652,0.330553,-0.278665,-0.0844886,-0.722967,-0.0580833,0.615666,-0.0782313,-0.11514,0.136442,0.380478,0.444816,0.449337,0.383403,0.102749,0.281519,0.293501,0.258584,0.310911,0,0,0,
0,0.0525831,0.0984171,-0.00396064,0.434942,0.349459,-0.00914512,-0.541792,0.228226,0.292503,-0.376866,1.12103,-0.0806934,0.361083,-0.275119,-0.0872125,-0.724656,-0.0563322,0.616062,-0.0794018,-0.116214,0.123881,0.384841,0.438908,0.438485,0.374361,0.103336,0.28294,0.293514,0.258616,0.310483,0,0,0,
0,0.0519257,0.0964394,-0.00168989,0.437584,0.355277,-0.00603884,-0.542283,0.23314,0.299556,-0.373608,1.14918,-0.0693501,0.380138,-0.272586,-0.0884763,-0.720814,-0.0559719,0.611369,-0.079813,-0.116854,0.121474,0.385808,0.438608,0.438337,0.373385,0.103552,0.283677,0.293725,0.259064,0.31047,0,0,0,
0,0.0532093,0.0934106,0.00212456,0.438581,0.367154,-0.00184929,-0.541891,0.240786,0.30622,-0.37367,1.19893,-0.0448512,0.413416,-0.270545,-0.0940142,-0.73933,-0.0558901,0.620943,-0.0818178,-0.119721,0.120459,0.390063,0.436756,0.439442,0.373878,0.10471,0.285855,0.294889,0.260547,0.311018,0,0,0,
0,0.0522431,0.0919007,0.00624115,0.435611,0.376955,-0.0023962,-0.538739,0.244641,0.307877,-0.372006,1.24497,-0.00854606,0.459031,-0.269733,-0.0990676,-0.741953,-0.0561171,0.629912,-0.0841005,-0.12055,0.121525,0.393353,0.426327,0.428759,0.372846,0.106432,0.288426,0.296191,0.261474,0.31166,0,0,0,
0,0.0512611,0.0918765,0.00827519,0.432837,0.381072,-0.0048691,-0.536693,0.245569,0.308803,-0.370505,1.2602,0.00997611,0.475521,-0.269977,-0.100657,-0.741651,-0.0565285,0.632344,-0.0856579,-0.12071,0.118688,0.388009,0.402327,0.392796,0.358744,0.107346,0.289477,0.296787,0.26137,0.311554,0,0,0,
0,0.048662,0.0926681,0.0116475,0.418076,0.388976,-0.0150338,-0.532283,0.244753,0.306838,-0.36901,1.27747,0.0426724,0.503499,-0.270741,-0.103808,-0.728276,-0.0589486,0.630417,-0.0911481,-0.121762,0.112519,0.364892,0.335028,0.321652,0.325835,0.108518,0.291582,0.297863,0.261052,0.310418,0,0,0,
0,0.0477198,0.0928953,0.0127834,0.406843,0.392394,-0.0225012,-0.530299,0.243802,0.304919,-0.36839,1.28236,0.055555,0.517567,-0.271763,-0.105816,-0.701827,-0.0615294,0.616432,-0.0972216,-0.12392,0.108694,0.353242,0.302341,0.295001,0.313181,0.11033,0.293406,0.298893,0.261563,0.310093,0,0,0,
0,0.044459,0.0928884,0.0146563,0.372125,0.394599,-0.0383847,-0.526635,0.240187,0.300995,-0.365218,1.27902,0.0725629,0.540245,-0.273783,-0.113902,-0.700885,-0.0684074,0.587238,-0.112174,-0.125186,0.103799,0.33943,0.266346,0.258401,0.298442,0.11418,0.298421,0.300667,0.26247,0.309484,0,0,0,
0,0.0412686,0.0928395,0.0156949,0.328691,0.397383,-0.056356,-0.524877,0.236204,0.30189,-0.356778,1.22915,0.0821071,0.541174,-0.278775,-0.126075,-0.686888,-0.0892529,0.530722,-0.120983,-0.130881,0.0939725,0.332533,0.256773,0.243349,0.294949,0.123156,0.304476,0.303519,0.263407,0.310007,0,0,0,
0,0.0397949,0.0929784,0.0155009,0.308301,0.399,-0.0649733,-0.524959,0.233619,0.305665,-0.349806,1.17895,0.0814756,0.525125,-0.28254,-0.131978,-0.703346,-0.101108,0.503903,-0.122158,-0.138316,0.0850888,0.331996,0.255858,0.239508,0.301272,0.133536,0.307591,0.305485,0.264501,0.310742,0,0,0,
0,0.034541,0.0922408,0.0148725,0.271895,0.402142,-0.0831838,-0.525678,0.232378,0.322433,-0.321937,1.06157,0.0976937,0.481746,-0.288658,-0.14345,-0.76264,-0.128501,0.457638,-0.131171,-0.157198,0.0671924,0.337577,0.255342,0.238427,0.305327,0.159317,0.315654,0.308659,0.266202,0.312761,0,0,0,
0,0.0318679,0.089876,0.0146542,0.204566,0.404172,-0.113765,-0.526058,0.228603,0.382803,-0.271741,0.918849,0.145527,0.450191,-0.301798,-0.16366,-0.815911,-0.162027,0.408301,-0.148532,-0.159766,0.0493458,0.340373,0.255893,0.238143,0.307147,0.187239,0.321771,0.310531,0.266732,0.313473,0,0,0,
0,0.0300313,0.0882351,0.0149484,0.163456,0.407499,-0.131739,-0.523356,0.22834,0.42424,-0.245568,0.845552,0.163036,0.444885,-0.309471,-0.172664,-0.830739,-0.186124,0.363893,-0.162098,-0.160123,0.0478825,0.344224,0.257895,0.241426,0.308284,0.19976,0.325479,0.312347,0.267001,0.314714,0,0,0,
0,0.0274071,0.0851785,0.0163997,0.0778324,0.415374,-0.17102,-0.510953,0.231066,0.519537,-0.185508,0.699659,0.182255,0.44259,-0.331667,-0.192085,-0.81625,-0.242091,0.251468,-0.175607,-0.161757,0.0426313,0.344804,0.259581,0.244023,0.310778,0.214704,0.333567,0.314952,0.267039,0.318742,0,0,0,
0,0.0244585,0.083796,0.0181673,-0.00273255,0.41877,-0.209867,-0.489339,0.234701,0.542123,-0.122841,0.612696,0.184348,0.431203,-0.367054,-0.213473,-0.759822,-0.29441,0.095552,-0.188272,-0.158467,0.0359986,0.340875,0.259289,0.243355,0.312959,0.222722,0.342049,0.320125,0.269789,0.322645,0,0,0,
0,0.0238012,0.0831972,0.0186457,-0.0368496,0.41902,-0.225445,-0.4775,0.236418,0.509004,-0.100664,0.610001,0.171857,0.439183,-0.384823,-0.222205,-0.708956,-0.323839,-0.00883812,-0.192302,-0.15641,0.0343561,0.340185,0.260068,0.243791,0.313458,0.223841,0.344781,0.32247,0.273012,0.325588,0,0,0,
0,0.0193255,0.0817717,0.0190685,-0.122482,0.416115,-0.260278,-0.451467,0.239627,0.274494,-0.0779972,0.701064,0.187446,0.409942,-0.437749,-0.247797,-0.633218,-0.366901,-0.208364,-0.203306,-0.134642,0.0245033,0.333462,0.258332,0.242982,0.313946,0.221919,0.347515,0.325107,0.275938,0.331203,0,0,0,
0,0.0144145,0.079668,0.0181377,-0.204962,0.419188,-0.285595,-0.425798,0.238577,-0.077681,-0.0883931,0.938927,0.202577,0.369947,-0.483271,-0.270897,-0.557995,-0.410693,-0.392729,-0.21756,-0.110791,0.0213316,0.331694,0.256439,0.245225,0.317002,0.217274,0.351728,0.328232,0.284358,0.337898,0,0,0,
0,0.0129476,0.0784068,0.0173435,-0.239147,0.423368,-0.292772,-0.411904,0.234048,-0.189933,-0.0961263,1.04127,0.207567,0.35116,-0.504232,-0.282836,-0.511107,-0.439595,-0.471759,-0.221893,-0.0891151,0.0201708,0.333239,0.257733,0.248972,0.317283,0.217744,0.347123,0.32675,0.284607,0.340403,0,0,0,
0,0.0106656,0.0774361,0.0148965,-0.295604,0.436699,-0.297066,-0.385431,0.22312,-0.359149,-0.108823,1.15047,0.214095,0.310983,-0.534666,-0.304108,-0.448606,-0.483694,-0.616214,-0.2344,-0.0488336,0.0136457,0.333177,0.261258,0.249435,0.317602,0.221074,0.341263,0.327535,0.28793,0.343222,0,0,0,
0,0.010401,0.0776135,0.0130123,-0.318355,0.442997,-0.294216,-0.373962,0.218408,-0.40521,-0.108465,1.15078,0.209113,0.292587,-0.54979,-0.315922,-0.639245,-0.508414,-0.582993,-0.206262,-0.0673375,0.0131299,0.330877,0.261455,0.247014,0.322372,0.224238,0.336282,0.327861,0.288826,0.344065,0,0,0,
0,0.0114142,0.0802494,0.00882575,-0.351149,0.443443,-0.282358,-0.357996,0.207635,-0.506647,-0.0964955,1.20805,0.196412,0.254376,-0.577385,-0.342486,-0.77328,-0.554616,-0.526596,-0.154438,-0.103055,0.00889159,0.331196,0.26331,0.251448,0.324688,0.22723,0.329471,0.328672,0.290894,0.34555,0,0,0,
0,0.0110592,0.0846397,0.00363004,-0.387535,0.439772,-0.27232,-0.353096,0.192339,-0.542606,-0.1011,1.28125,0.199623,0.248088,-0.594841,-0.358064,-0.799287,-0.595116,-0.540172,-0.127375,-0.117379,0.00977975,0.330247,0.26234,0.251273,0.324446,0.228503,0.323326,0.32884,0.289625,0.347837,0,0,0,
0,0.0105754,0.0869051,0.00210147,-0.406662,0.437537,-0.271457,-0.351705,0.183908,-0.544417,-0.108141,1.30212,0.207047,0.248435,-0.609013,-0.370989,-0.802668,-0.615651,-0.559232,-0.117832,-0.116236,0.0115017,0.330278,0.262131,0.251409,0.32445,0.226037,0.319441,0.330307,0.291348,0.349483,0,0,0,
0,0.00937418,0.0920159,-0.000578809,-0.432795,0.432057,-0.271708,-0.350922,0.173441,-0.550237,-0.122683,1.31319,0.223635,0.25156,-0.63082,-0.387821,-0.810143,-0.650658,-0.584362,-0.107605,-0.114808,0.0125919,0.331427,0.262286,0.252047,0.324548,0.225078,0.316154,0.3316,0.291085,0.351968,0,0,0,
0,0.00845642,0.0963592,-0.00312646,-0.443918,0.424967,-0.26953,-0.351195,0.168993,-0.560354,-0.131321,1.30994,0.230505,0.248605,-0.645542,-0.398147,-0.814074,-0.682479,-0.605906,-0.102744,-0.116987,0.0112952,0.337018,0.264832,0.254426,0.325731,0.225045,0.316603,0.334839,0.291544,0.352999,0,0,0,
0,0.0081103,0.0980373,-0.00495102,-0.446295,0.418246,-0.268813,-0.352068,0.168731,-0.564276,-0.134088,1.3035,0.228193,0.242836,-0.653951,-0.40299,-0.816362,-0.699295,-0.618774,-0.100139,-0.116244,0.00999076,0.33926,0.265151,0.254935,0.326441,0.224173,0.315342,0.335857,0.292441,0.353647,0,0,0,
0,0.00784038,0.10116,-0.00804739,-0.448268,0.407379,-0.271699,-0.355273,0.17047,-0.579577,-0.137513,1.29541,0.214964,0.230048,-0.66646,-0.407802,-0.824253,-0.728016,-0.637636,-0.0922982,-0.111677,0.00953456,0.343088,0.264831,0.254203,0.324645,0.222346,0.313918,0.337984,0.294778,0.355625,0,0,0,
0,0.00815388,0.102602,-0.0105335,-0.447881,0.402238,-0.273686,-0.357955,0.169679,-0.600811,-0.141217,1.30951,0.214294,0.225349,-0.680025,-0.409698,-0.830779,-0.743743,-0.633761,-0.0799875,-0.103258,0.00819685,0.34655,0.265154,0.254183,0.323494,0.219545,0.313577,0.338805,0.294998,0.356324,0,0,0,
0,0.00833445,0.103742,-0.0121445,-0.448346,0.399063,-0.273813,-0.359024,0.169713,-0.607265,-0.143136,1.31265,0.214626,0.2259,-0.685828,-0.410882,-0.83018,-0.748185,-0.602078,-0.07178,-0.0968155,0.00655901,0.347116,0.265709,0.254503,0.323368,0.219152,0.314638,0.338674,0.294066,0.355184,0,0,0,
0,0.00905157,0.105066,-0.0152231,-0.449613,0.392893,-0.273079,-0.359857,0.169651,-0.613346,-0.143895,1.31036,0.215356,0.232657,-0.69642,-0.415479,-0.828101,-0.74756,-0.468123,-0.0446121,-0.0766188,0.00559247,0.347552,0.266896,0.255439,0.323966,0.211744,0.323682,0.334126,0.289444,0.349137,0,0,0,
0,0.00995939,0.104841,-0.0180712,-0.450787,0.387767,-0.271866,-0.360279,0.168301,-0.613722,-0.143676,1.30448,0.215305,0.239893,-0.705251,-0.423714,-0.826169,-0.732829,-0.189412,-0.023098,-0.048618,0.00460046,0.348138,0.268481,0.256876,0.324648,0.221917,0.334482,0.324426,0.27589,0.333624,0,0,0,
0,0.0107468,0.104264,-0.019457,-0.451047,0.386592,-0.271637,-0.360457,0.167182,-0.6135,-0.143615,1.30288,0.214812,0.238983,-0.708134,-0.426529,-0.824348,-0.721085,0.0157488,-0.00432834,-0.0316266,0.00327942,0.34795,0.268704,0.257073,0.32489,0.230478,0.33762,0.318227,0.268314,0.324417,0,0,0,
0,0.0137266,0.103513,-0.0236705,-0.451073,0.386206,-0.268981,-0.361756,0.165144,-0.611337,-0.14358,1.29895,0.212342,0.230549,-0.712298,-0.424032,-0.804776,-0.687497,0.421402,0.0368885,-0.0243666,-3.15429e-05,0.348734,0.268894,0.257597,0.32514,0.227885,0.366784,0.315481,0.264654,0.313142,0,0,0,
0,0.0155494,0.103117,-0.025435,-0.451417,0.386726,-0.269339,-0.362382,0.163938,-0.611679,-0.14352,1.29683,0.20982,0.224227,-0.712303,-0.422423,-0.764227,-0.652584,0.593271,0.0504562,-0.0208711,-0.00156691,0.348916,0.268454,0.25784,0.324833,0.227238,0.376181,0.316366,0.265228,0.311718,0,0,0,
0,0.0205594,0.103219,-0.027706,-0.45437,0.387394,-0.27411,-0.363407,0.161867,-0.616555,-0.143598,1.30102,0.205985,0.208234,-0.708835,-0.413422,-0.672425,-0.595528,0.843029,0.07721,-0.00457334,-0.00761363,0.350151,0.268243,0.257417,0.323961,0.21914,0.381188,0.316133,0.265325,0.309924,0,0,0,
0,0.0274929,0.103598,-0.0307777,-0.459067,0.387667,-0.284153,-0.362328,0.162537,-0.61726,-0.143494,1.30267,0.204369,0.198648,-0.703163,-0.402627,-0.552671,-0.546771,1.09298,0.119512,0.011149,-0.011005,0.35081,0.268339,0.257355,0.323512,0.199534,0.369259,0.314536,0.265918,0.311942,0,0,0,
0,0.0296525,0.103517,-0.0325946,-0.460589,0.388487,-0.29106,-0.361149,0.164586,-0.621701,-0.144172,1.30633,0.206027,0.193858,-0.699567,-0.398166,-0.49682,-0.529201,1.19477,0.13235,0.0125188,-0.0119805,0.35122,0.268266,0.257232,0.323225,0.195832,0.36137,0.313609,0.270852,0.315218,0,0,0,
0,0.0328832,0.103855,-0.0344967,-0.461592,0.389982,-0.305689,-0.357442,0.168477,-0.63143,-0.144303,1.31053,0.207385,0.187317,-0.691123,-0.389195,-0.395645,-0.509054,1.29708,0.147928,0.0209163,-0.0118236,0.351295,0.267945,0.256906,0.322408,0.181883,0.34522,0.315583,0.276607,0.322071,0,0,0,
0,0.0358547,0.104039,-0.0352907,-0.465879,0.390191,-0.31695,-0.352848,0.171543,-0.637354,-0.142145,1.31078,0.200626,0.188547,-0.679137,-0.377795,-0.298832,-0.507555,1.37313,0.144141,0.0330513,-0.011383,0.351362,0.267951,0.256962,0.3223,0.180887,0.325908,0.314334,0.279418,0.325945,0,0,0,
0,0.0361381,0.103958,-0.0356985,-0.467622,0.391811,-0.321954,-0.349001,0.175723,-0.629609,-0.136637,1.30416,0.192321,0.194588,-0.674198,-0.374368,-0.252327,-0.514577,1.39236,0.142276,0.037137,-0.0113285,0.351737,0.268216,0.257407,0.322568,0.181976,0.31983,0.314328,0.28038,0.327103,0,0,0,
0,0.0383308,0.103793,-0.0357363,-0.471868,0.395321,-0.326769,-0.342663,0.182423,-0.586657,-0.118357,1.27073,0.170809,0.214711,-0.665226,-0.366303,-0.165857,-0.530916,1.4,0.140079,0.0406481,-0.011056,0.352237,0.268615,0.257868,0.322979,0.178851,0.313906,0.314999,0.283009,0.329687,0,0,0,
0,0.0410686,0.103521,-0.035523,-0.475225,0.400614,-0.326895,-0.339153,0.187975,-0.516799,-0.0972999,1.21047,0.14786,0.24479,-0.658447,-0.361211,-0.0951071,-0.545589,1.39211,0.13896,0.043759,-0.0105499,0.352272,0.269759,0.258341,0.323866,0.176248,0.307115,0.314803,0.285971,0.33274,0,0,0,
0,0.0422677,0.103796,-0.0357185,-0.478639,0.402494,-0.32621,-0.339145,0.189437,-0.472698,-0.0869302,1.1715,0.135514,0.261541,-0.654184,-0.359248,-0.0679223,-0.551668,1.38641,0.137667,0.0469147,-0.01039,0.352538,0.269645,0.258792,0.323912,0.17392,0.303727,0.314424,0.286768,0.334242,0,0,0,
0,0.0476161,0.104884,-0.0360601,-0.482209,0.405425,-0.323288,-0.34206,0.19189,-0.334422,-0.0670772,1.05909,0.10654,0.301329,-0.645421,-0.36075,-0.0271833,-0.567057,1.37548,0.134703,0.05677,-0.00785364,0.354086,0.270236,0.259874,0.325188,0.167822,0.300692,0.314405,0.288953,0.336826,0,0,0,
0,0.048024,0.105662,-0.0360801,-0.480162,0.408981,-0.32031,-0.344613,0.197163,-0.0414019,-0.0507919,0.839093,0.0737661,0.34501,-0.636293,-0.366542,-0.0070341,-0.581684,1.36759,0.133392,0.0671653,-0.00656005,0.355482,0.2696,0.256243,0.322095,0.16469,0.298886,0.314891,0.290737,0.337576,0,0,0,
0,0.0489318,0.105776,-0.0359423,-0.476067,0.411878,-0.317416,-0.346394,0.200132,0.164746,-0.0518601,0.677116,0.0542853,0.369551,-0.631816,-0.370817,-0.00326337,-0.589481,1.36291,0.133585,0.0714288,-0.00708088,0.356176,0.269934,0.254504,0.319728,0.163186,0.297793,0.314747,0.291109,0.338548,0,0,0,
0,0.0502059,0.105633,-0.0349564,-0.461457,0.417883,-0.307212,-0.351502,0.2046,0.449185,-0.0732093,0.372797,0.0204473,0.416804,-0.622006,-0.379411,-0.0126923,-0.6058,1.36194,0.13222,0.077108,-0.00625746,0.355038,0.270821,0.25207,0.31587,0.160491,0.295873,0.31583,0.291628,0.341787,0,0,0,
0,0.0500104,0.105423,-0.0342654,-0.45254,0.420772,-0.301403,-0.354443,0.206272,0.522301,-0.0948837,0.268049,0.00433744,0.439358,-0.616309,-0.38242,-0.0188938,-0.613669,1.36485,0.129885,0.077357,-0.0023135,0.354029,0.271769,0.252155,0.316302,0.160558,0.295821,0.316412,0.29312,0.343804,0,0,0,
0,0.0498775,0.105362,-0.0320172,-0.427375,0.426638,-0.285288,-0.363247,0.208376,0.565761,-0.139401,0.151331,-0.0197731,0.468588,-0.605127,-0.388725,-0.0304337,-0.627413,1.37386,0.125256,0.0746364,-0.000332535,0.351089,0.27346,0.253353,0.317639,0.162691,0.295789,0.318441,0.294938,0.347027,0,0,0,
0,0.0500172,0.104936,-0.0300451,-0.403855,0.431272,-0.27101,-0.373469,0.21086,0.535246,-0.179799,0.124658,-0.0431246,0.485544,-0.595538,-0.391595,-0.0384489,-0.638597,1.38324,0.120168,0.0713442,-0.00156143,0.346854,0.275474,0.253446,0.319754,0.163375,0.295652,0.320019,0.296148,0.349857,0,0,0,
0,0.050054,0.105475,-0.0289757,-0.396356,0.431565,-0.267741,-0.37873,0.211466,0.507267,-0.198338,0.129515,-0.0536014,0.489529,-0.591044,-0.392909,-0.0401986,-0.644403,1.38614,0.118426,0.0702464,-0.00102118,0.345061,0.275973,0.253062,0.320328,0.1636,0.29539,0.320369,0.296485,0.351491,0,0,0,
0,0.0470369,0.106021,-0.0262287,-0.384901,0.433309,-0.266144,-0.38482,0.213878,0.411489,-0.253183,0.167425,-0.064586,0.486291,-0.585515,-0.393056,-0.0461818,-0.654341,1.38848,0.11258,0.0657042,-0.00759036,0.344808,0.277336,0.25298,0.321764,0.164361,0.295526,0.321322,0.298474,0.354873,0,0,0,
0,0.0452218,0.10643,-0.0236101,-0.372306,0.436889,-0.260763,-0.386992,0.219081,0.302961,-0.303942,0.19845,-0.0838085,0.471203,-0.582145,-0.392741,-0.0492761,-0.660915,1.38714,0.107621,0.0588699,-0.00833387,0.345929,0.278776,0.253227,0.324257,0.165517,0.29548,0.321771,0.300331,0.357629,0,0,0,
0,0.0438563,0.106359,-0.0220939,-0.364608,0.439173,-0.256576,-0.386625,0.222788,0.238713,-0.33638,0.202754,-0.0950823,0.456972,-0.579647,-0.393741,-0.0508039,-0.663161,1.38617,0.103937,0.0550022,-0.00892395,0.345695,0.279543,0.25319,0.325994,0.166284,0.295443,0.322519,0.301122,0.359009,0,0,0,
0,0.0427669,0.106956,-0.019809,-0.353636,0.443889,-0.249384,-0.386528,0.231563,0.126227,-0.394336,0.17471,-0.120033,0.420969,-0.57206,-0.39843,-0.0504774,-0.667974,1.38184,0.0986197,0.0480398,-0.0105739,0.345359,0.281156,0.255142,0.329233,0.167223,0.296539,0.324164,0.30384,0.361826,0,0,0,
0,0.0394982,0.107764,-0.0182557,-0.339813,0.448738,-0.241254,-0.387681,0.244511,0.0355648,-0.471483,0.0988756,-0.130817,0.375967,-0.563468,-0.40475,-0.0549508,-0.672599,1.37277,0.0969066,0.0471543,-0.00935904,0.344334,0.282166,0.254585,0.332109,0.167121,0.295115,0.324421,0.304866,0.36321,0,0,0,
0,0.0392197,0.108129,-0.0172858,-0.329424,0.451379,-0.235868,-0.388259,0.251964,0.00872991,-0.502673,0.0405085,-0.138375,0.354224,-0.558351,-0.408218,-0.0592552,-0.675759,1.36252,0.0974457,0.0513596,-0.00632371,0.34307,0.28317,0.25381,0.332571,0.166741,0.294791,0.324546,0.305703,0.363668,0,0,0,
0,0.0346118,0.109366,-0.0142497,-0.275774,0.459114,-0.204601,-0.388414,0.265748,-0.0428406,-0.571812,-0.0764193,-0.144811,0.313246,-0.545031,-0.415434,-0.0732399,-0.685118,1.3494,0.0962927,0.0595789,-0.00890202,0.342687,0.282997,0.25669,0.336473,0.168136,0.294719,0.324918,0.306714,0.36563,0,0,0,
0,0.0316972,0.11004,-0.0105183,-0.190306,0.468449,-0.152665,-0.391341,0.279053,-0.0859597,-0.629892,-0.184062,-0.147043,0.272909,-0.525222,-0.423985,-0.0903401,-0.701325,1.34622,0.0910561,0.0635178,0.0412162,0.345759,0.284759,0.255934,0.334554,0.167833,0.294625,0.325278,0.308198,0.367473,0,0,0,
0,0.0300782,0.110372,-0.00876016,-0.124412,0.47215,-0.114378,-0.394029,0.28562,-0.108153,-0.659237,-0.237592,-0.146054,0.256017,-0.516808,-0.426212,-0.096104,-0.709067,1.3493,0.0882911,0.0639514,0.0684578,0.347798,0.284401,0.25287,0.331681,0.166289,0.294709,0.325074,0.30868,0.368397,0,0,0,
0,0.0276549,0.111222,-0.00486883,0.0297627,0.468805,-0.034505,-0.397995,0.296133,-0.156851,-0.71413,-0.362484,-0.142327,0.217961,-0.49815,-0.430546,-0.106112,-0.725612,1.35182,0.0836264,0.0625246,0.0914922,0.352937,0.28797,0.252807,0.32724,0.163648,0.294741,0.325803,0.310074,0.370731,0,0,0,
0,0.0258622,0.111366,-0.00148629,0.108223,0.4633,0.00203312,-0.398994,0.300569,-0.179848,-0.734799,-0.44151,-0.142355,0.196283,-0.489104,-0.432783,-0.111531,-0.733782,1.3545,0.0833717,0.0619163,0.0863075,0.353401,0.289327,0.254517,0.326831,0.163056,0.29487,0.325779,0.310543,0.371685,0,0,0,
0,0.0229052,0.112481,0.0042689,0.220655,0.451337,0.048796,-0.401944,0.308651,-0.235951,-0.783309,-0.577164,-0.124629,0.149827,-0.470708,-0.435747,-0.12114,-0.75114,1.36081,0.0822871,0.0589489,0.0646901,0.352121,0.291703,0.256571,0.324831,0.161541,0.294609,0.326116,0.311593,0.373624,0,0,0,
0,0.0194309,0.11514,0.00874197,0.311115,0.435804,0.0848467,-0.405531,0.316864,-0.277152,-0.817332,-0.692102,-0.0990247,0.105953,-0.455079,-0.435312,-0.127603,-0.762628,1.36826,0.078803,0.0548915,0.0360149,0.352136,0.29326,0.257868,0.323693,0.160844,0.29472,0.3265,0.312235,0.375493,0,0,0,
0,0.0170928,0.116611,0.0108663,0.348462,0.427936,0.100374,-0.407562,0.320867,-0.297283,-0.834157,-0.731295,-0.0809926,0.0846398,-0.447125,-0.434037,-0.128362,-0.768611,1.372,0.0757547,0.0522948,0.0193241,0.347529,0.292451,0.263737,0.323111,0.160797,0.294687,0.326496,0.312627,0.37621,0,0,0,
0,0.0137356,0.118304,0.0138768,0.396874,0.42018,0.121255,-0.408812,0.329477,-0.313715,-0.854395,-0.775547,-0.0452092,0.0328092,-0.435446,-0.428861,-0.125061,-0.77659,1.37718,0.0698146,0.0467563,-0.024041,0.335295,0.281021,0.262676,0.315348,0.160754,0.294301,0.326785,0.313034,0.377505,0,0,0,
0,0.0124588,0.119779,0.0177839,0.436897,0.415362,0.138396,-0.408735,0.33414,-0.311939,-0.871379,-0.819989,-0.0236522,-0.00466386,-0.427507,-0.422968,-0.117521,-0.781608,1.37806,0.0656247,0.0421115,-0.0492697,0.327214,0.272676,0.260554,0.307821,0.159968,0.294363,0.32713,0.313893,0.378444,0,0,0,
0,0.0123832,0.120766,0.0195366,0.449006,0.411249,0.142148,-0.409851,0.334345,-0.30867,-0.880983,-0.849473,-0.0161686,-0.0161793,-0.425036,-0.420524,-0.113785,-0.782805,1.37762,0.0645691,0.0401482,-0.057959,0.323871,0.269866,0.2594,0.306621,0.159431,0.294382,0.327428,0.31438,0.379009,0,0,0,
0,0.0122459,0.122965,0.0224852,0.464861,0.402632,0.144015,-0.413825,0.333115,-0.305605,-0.895814,-0.917567,-0.00753093,-0.0264561,-0.420425,-0.413235,-0.108386,-0.784727,1.37411,0.0638666,0.0372479,-0.0704366,0.31742,0.265054,0.256496,0.303371,0.158696,0.294312,0.327752,0.315114,0.380125,0,0,0,
0,0.010031,0.125068,0.0251136,0.479778,0.390719,0.143109,-0.418047,0.33046,-0.309894,-0.904052,-0.964525,-0.00364046,-0.0258766,-0.418037,-0.407179,-0.105848,-0.786238,1.36872,0.0634063,0.0381734,-0.0784243,0.315827,0.265176,0.257094,0.302955,0.157784,0.294409,0.327774,0.315797,0.381296,0,0,0,
0,0.00904973,0.125393,0.0265842,0.48443,0.384416,0.141752,-0.419525,0.329315,-0.311444,-0.907077,-0.977028,-0.00089625,-0.0248454,-0.416873,-0.405167,-0.104085,-0.786988,1.3659,0.0630988,0.039023,-0.0807042,0.315552,0.2657,0.257264,0.302926,0.157687,0.294423,0.327775,0.316045,0.381937,0,0,0,
0,0.00776406,0.125908,0.028622,0.487414,0.372702,0.136109,-0.421065,0.328716,-0.311507,-0.909945,-0.981171,0.00687056,-0.0257453,-0.414801,-0.402504,-0.102188,-0.789393,1.36159,0.0627109,0.0404186,-0.0842181,0.316028,0.26693,0.257596,0.303968,0.15757,0.294419,0.327801,0.316605,0.382978,0,0,0,
0,0.00713157,0.126691,0.0303731,0.487563,0.35869,0.127672,-0.42045,0.329523,-0.299981,-0.913421,-0.977322,0.012607,-0.027315,-0.41333,-0.401047,-0.100674,-0.791741,1.35911,0.0617793,0.0401269,-0.0866186,0.316144,0.266984,0.25669,0.30389,0.156936,0.294671,0.328315,0.317837,0.384079,0,0,0,
0,0.00672735,0.126971,0.0307621,0.487003,0.352623,0.12437,-0.419855,0.330316,-0.293977,-0.914234,-0.974181,0.0138904,-0.0261773,-0.412896,-0.400003,-0.100042,-0.792323,1.35551,0.0623584,0.0396062,-0.0878363,0.31672,0.267059,0.256884,0.304464,0.156724,0.294896,0.328508,0.318423,0.384749,0,0,0,
0,0.0084084,0.126232,0.031304,0.483149,0.340496,0.121449,-0.41959,0.328368,-0.282921,-0.915202,-0.933644,0.023213,-0.0343448,-0.411465,-0.398448,-0.0983103,-0.790944,1.34321,0.062143,0.0363827,-0.0934386,0.313717,0.263097,0.251086,0.301462,0.156293,0.294951,0.329156,0.319917,0.386514,0,0,0,
0,0.0105942,0.125486,0.0313956,0.47862,0.337488,0.121699,-0.421412,0.325654,-0.267287,-0.917291,-0.905311,0.02623,-0.0355802,-0.411181,-0.396874,-0.0970332,-0.788336,1.33835,0.0613532,0.0325429,-0.0925753,0.314058,0.260875,0.246308,0.299623,0.157152,0.295175,0.329722,0.320796,0.387774,0,0,0,
0,0.0150597,0.124743,0.0304917,0.468465,0.332408,0.124845,-0.430414,0.317329,-0.240249,-0.914233,-0.874063,0.030588,-0.0296605,-0.412349,-0.392751,-0.0931702,-0.779428,1.33286,0.0610424,0.0269656,-0.0913194,0.312722,0.256849,0.239213,0.295902,0.157234,0.295108,0.330028,0.321631,0.389231,0,0,0,
0,0.0167539,0.124069,0.0283913,0.4618,0.330045,0.128569,-0.437569,0.30577,-0.225536,-0.902812,-0.841111,0.0332414,-0.0288835,-0.415295,-0.383997,-0.0892439,-0.767159,1.32897,0.0588179,0.0240458,-0.0900375,0.311505,0.253687,0.233346,0.29455,0.158121,0.294567,0.329912,0.32228,0.390415,0,0,0,
0,0.0167778,0.123623,0.0275806,0.457693,0.328768,0.129781,-0.439258,0.299268,-0.219984,-0.895866,-0.829386,0.0321349,-0.0288425,-0.416149,-0.380093,-0.0863416,-0.761643,1.32639,0.0573199,0.02515,-0.0865342,0.312245,0.254272,0.232859,0.294905,0.158885,0.294398,0.329956,0.322712,0.390893,0,0,0,
0,0.017186,0.123274,0.0262686,0.44378,0.325091,0.124686,-0.442403,0.290259,-0.20949,-0.880898,-0.790728,0.035684,-0.0274063,-0.418265,-0.372915,-0.0820079,-0.755895,1.31845,0.0559895,0.0307317,-0.0813111,0.316003,0.261996,0.237273,0.299634,0.158971,0.294173,0.329961,0.323265,0.392113,0,0,0,
0,0.016777,0.123773,0.0257117,0.42658,0.320675,0.111898,-0.44086,0.2879,-0.195803,-0.862268,-0.722724,0.0532478,-0.000115609,-0.421454,-0.367641,-0.0847641,-0.755533,1.29769,0.057718,0.0343882,-0.0727143,0.329013,0.28205,0.251619,0.317274,0.158641,0.294384,0.3304,0.324448,0.393852,0,0,0,
0,0.0172562,0.124196,0.0255802,0.40979,0.314803,0.0972128,-0.438826,0.288467,-0.180587,-0.848078,-0.683521,0.0695153,0.023608,-0.423545,-0.365891,-0.0859403,-0.75476,1.28012,0.059663,0.0345436,-0.0610808,0.338139,0.295199,0.26118,0.329424,0.157972,0.294528,0.331183,0.325613,0.395463,0,0,0,
0,0.0185975,0.12393,0.0251531,0.380056,0.303154,0.0722668,-0.430928,0.292964,-0.154148,-0.804482,-0.643693,0.0853783,0.0607488,-0.425736,-0.362219,-0.0959484,-0.752147,1.2571,0.0596006,0.0271632,-0.0458338,0.345706,0.303986,0.269121,0.341039,0.161426,0.293933,0.332335,0.327219,0.398434,0,0,0,
0,0.0223212,0.124781,0.0243704,0.333818,0.281195,0.0396888,-0.415712,0.293671,-0.137055,-0.766252,-0.612719,0.0949888,0.0778826,-0.426357,-0.358908,-0.10184,-0.743266,1.23888,0.0541259,0.0187718,-0.035993,0.35066,0.304818,0.274667,0.349936,0.162847,0.29439,0.333307,0.329157,0.401066,0,0,0,
0,0.0243388,0.125,0.0238992,0.313379,0.269932,0.027242,-0.408356,0.293781,-0.129256,-0.74434,-0.596713,0.0952373,0.0829842,-0.425082,-0.357272,-0.103168,-0.738407,1.23611,0.051594,0.0156292,-0.0262415,0.352108,0.306065,0.275338,0.351477,0.162876,0.294205,0.333656,0.329969,0.40175,0,0,0,
0,0.0275393,0.125182,0.0223365,0.26654,0.242936,0.00322097,-0.392578,0.293063,-0.11859,-0.701559,-0.555852,0.0961299,0.0841648,-0.42097,-0.355565,-0.102064,-0.733165,1.231,0.0472329,0.0164353,-0.0117019,0.350684,0.305009,0.277515,0.350775,0.16504,0.293832,0.334231,0.330686,0.402601,0,0,0,
0,0.0310293,0.124669,0.019806,0.213151,0.207453,-0.0214095,-0.375291,0.293077,-0.104228,-0.674413,-0.541779,0.0927781,0.0919392,-0.417523,-0.355013,-0.102587,-0.732551,1.22415,0.0445387,0.0184195,-0.00121316,0.354454,0.309248,0.282497,0.35475,0.165543,0.294345,0.33487,0.332149,0.404049,0,0,0,
0,0.0323884,0.12472,0.0185277,0.187004,0.190555,-0.0313389,-0.365545,0.292595,-0.0994618,-0.665388,-0.538041,0.0889207,0.096025,-0.417226,-0.354878,-0.103591,-0.732598,1.22032,0.0437176,0.0181103,0.00469915,0.357563,0.31266,0.286649,0.358172,0.16616,0.294682,0.33517,0.332924,0.404989,0,0,0,
0,0.0370142,0.124807,0.0163345,0.125073,0.145087,-0.0548107,-0.351218,0.290749,-0.0909345,-0.659205,-0.520312,0.0773093,0.0987118,-0.41677,-0.353878,-0.104304,-0.731673,1.20892,0.0433695,0.0144622,0.0151377,0.361474,0.317678,0.291971,0.361954,0.167399,0.295259,0.336431,0.334903,0.406999,0,0,0,
0,0.0398862,0.125012,0.0147984,0.0999252,0.125413,-0.0623325,-0.347402,0.289473,-0.086738,-0.655346,-0.492265,0.0723035,0.0990146,-0.416653,-0.352552,-0.105682,-0.730652,1.19688,0.0432401,0.0100664,0.0205702,0.363297,0.321292,0.295251,0.36456,0.166449,0.296648,0.338033,0.337232,0.408785,0,0,0,
0,0.0454052,0.126061,0.0109201,0.0439257,0.0741434,-0.0745566,-0.343275,0.287759,-0.077555,-0.653332,-0.419173,0.0645561,0.0972388,-0.415986,-0.349543,-0.108136,-0.728378,1.15391,0.0441078,-0.00547217,0.0303399,0.36492,0.328953,0.301604,0.368524,0.172142,0.301558,0.343168,0.343004,0.415331,0,0,0,
0,0.0489456,0.127992,0.00778373,0.000969764,0.0271026,-0.0780444,-0.344558,0.285267,-0.0500885,-0.64054,-0.288738,0.0546697,0.0995925,-0.415679,-0.345551,-0.115365,-0.724297,1.08558,0.0497143,-0.0202278,0.0400279,0.369352,0.33683,0.30743,0.372664,0.175015,0.305632,0.348122,0.347162,0.419337,0,0,0,
0,0.0496992,0.128886,0.00630777,-0.0201152,0.000473649,-0.0769571,-0.345993,0.283924,-0.0363939,-0.631781,-0.237696,0.0499532,0.103054,-0.415226,-0.342516,-0.121853,-0.718285,1.04927,0.0499472,-0.0288619,0.046074,0.371367,0.339027,0.309114,0.374855,0.176988,0.30926,0.349572,0.347645,0.42104,0,0,0,
0,0.050985,0.131845,0.00309862,-0.0513336,-0.0541576,-0.0686547,-0.349275,0.280048,-0.0122317,-0.609866,-0.170466,0.0444877,0.102332,-0.413161,-0.335872,-0.131932,-0.706602,0.990543,0.0474446,-0.0417601,0.0519178,0.372249,0.341434,0.312476,0.377127,0.179833,0.316108,0.352911,0.350452,0.423677,0,0,0,
0,0.0515306,0.135361,0.000686983,-0.0738672,-0.113077,-0.0547484,-0.350119,0.275479,0.0055123,-0.587168,-0.145012,0.0436174,0.101682,-0.411285,-0.328855,-0.137135,-0.692279,0.954806,0.0430396,-0.0546846,0.0512053,0.372159,0.341801,0.314006,0.378291,0.18418,0.322121,0.354864,0.351193,0.42598,0,0,0,
0,0.0511819,0.137155,-6.76693e-05,-0.080377,-0.143287,-0.0458576,-0.349618,0.272877,0.0094092,-0.57584,-0.139,0.0434469,0.102289,-0.408812,-0.325498,-0.141698,-0.682583,0.958872,0.0386237,-0.0578544,0.0522452,0.372255,0.341841,0.31453,0.378483,0.185941,0.3241,0.355185,0.351457,0.426916,0,0,0,
0,0.0516075,0.141325,-0.00152612,-0.0869727,-0.200531,-0.0271757,-0.348435,0.268534,0.0106405,-0.555463,-0.142789,0.0426654,0.103665,-0.400762,-0.318878,-0.141234,-0.675908,0.981951,0.0293224,-0.0601787,0.0555743,0.372324,0.342199,0.316169,0.379085,0.186167,0.326855,0.356013,0.352625,0.428959,0,0,0,
0,0.0497794,0.145536,-0.00294996,-0.0844912,-0.249668,-0.0105191,-0.344293,0.264588,-0.000417173,-0.537045,-0.165147,0.0464057,0.106513,-0.39231,-0.31216,-0.144714,-0.674106,0.985394,0.0279489,-0.0605102,0.0563062,0.373078,0.344169,0.318923,0.381249,0.184485,0.328768,0.356774,0.353283,0.429514,0,0,0,
0,0.0487334,0.147792,-0.0033045,-0.0819894,-0.272833,-0.00261084,-0.341281,0.262081,-0.00607435,-0.526001,-0.163853,0.0479509,0.105927,-0.387858,-0.309082,-0.149483,-0.673515,0.976652,0.0307612,-0.0615438,0.0576819,0.373387,0.344621,0.319742,0.381072,0.181915,0.33,0.356712,0.353432,0.430663,0,0,0,
0,0.0463791,0.152418,-0.00364954,-0.0759849,-0.30685,0.00922483,-0.336642,0.256476,-0.0196334,-0.504133,-0.150786,0.0530641,0.103708,-0.381925,-0.301476,-0.168085,-0.666883,0.951888,0.0407944,-0.0684855,0.0585671,0.372846,0.34539,0.320911,0.380389,0.181512,0.332991,0.356981,0.350416,0.430887,0,0,0,
0,0.0435095,0.15716,-0.00367766,-0.0697993,-0.337094,0.0203687,-0.332473,0.250382,-0.0175885,-0.474662,-0.148076,0.0557663,0.102816,-0.375883,-0.290638,-0.196699,-0.649235,0.936535,0.0430988,-0.075773,0.0591335,0.371837,0.345048,0.322,0.378567,0.18205,0.335557,0.356357,0.34608,0.430744,0,0,0,
0,0.0429535,0.159068,-0.00350728,-0.0681647,-0.348356,0.0245389,-0.330452,0.246533,-0.0182364,-0.460356,-0.144546,0.0566996,0.100925,-0.371541,-0.283074,-0.204855,-0.640397,0.920466,0.0459948,-0.0808171,0.0585174,0.371196,0.344086,0.320985,0.377291,0.17985,0.337635,0.355727,0.344653,0.429508,0,0,0,
0,0.0409618,0.163244,-0.00361475,-0.0655022,-0.372156,0.0325768,-0.324369,0.238984,-0.0204603,-0.429887,-0.123807,0.0565335,0.0908991,-0.365173,-0.269922,-0.228532,-0.610137,0.894902,0.044513,-0.0872782,0.0561836,0.367033,0.340422,0.31915,0.372148,0.175269,0.338427,0.352861,0.341529,0.428359,0,0,0,
0,0.0400999,0.166413,-0.00373685,-0.06477,-0.386592,0.0368603,-0.321287,0.2354,-0.0197496,-0.418933,-0.107394,0.0589842,0.0845754,-0.363589,-0.264713,-0.235976,-0.595333,0.877594,0.0424284,-0.0896891,0.057865,0.364975,0.338766,0.318537,0.369947,0.176756,0.34013,0.352788,0.338768,0.426738,0,0,0,
0,0.0390833,0.17136,-0.00439783,-0.0636702,-0.412127,0.0456518,-0.317025,0.228259,-0.00815387,-0.383034,-0.0860377,0.0569037,0.0756758,-0.358869,-0.255258,-0.264221,-0.555129,0.850934,0.034134,-0.0938566,0.0581646,0.361729,0.33651,0.31737,0.365155,0.182725,0.342488,0.35155,0.33557,0.425085,0,0,0,
0,0.0366118,0.176761,-0.00569666,-0.0559936,-0.43832,0.055105,-0.313916,0.221267,0.00251757,-0.357484,-0.0630734,0.0562498,0.0750633,-0.354334,-0.247903,-0.285567,-0.523282,0.823828,0.0266821,-0.0990853,0.0574659,0.360674,0.336478,0.318548,0.362506,0.186,0.346911,0.352264,0.334151,0.424056,0,0,0,
0,0.0354839,0.178539,-0.00637738,-0.0487269,-0.448784,0.0588037,-0.312278,0.217608,0.0110773,-0.340803,-0.0469371,0.0553975,0.0773515,-0.352216,-0.245964,-0.298904,-0.506596,0.802245,0.0245387,-0.0968425,0.0588095,0.36098,0.337199,0.318999,0.362035,0.185051,0.347514,0.350797,0.333124,0.423133,0,0,0,
0,0.034398,0.183586,-0.0073302,-0.0317029,-0.466693,0.0627469,-0.308399,0.21336,0.0529701,-0.308084,-0.0249324,0.0420172,0.0877156,-0.351312,-0.243223,-0.200598,-0.475408,0.699872,0.0510796,-0.0651215,0.0629309,0.36307,0.339518,0.320631,0.360505,0.182077,0.348036,0.348321,0.331099,0.420589,0,0,0,
0,0.0353084,0.185219,-0.0079585,-0.0117113,-0.481455,0.0627406,-0.302403,0.211714,0.0998897,-0.283829,-0.0318658,0.0319187,0.0943981,-0.350587,-0.240848,-0.189332,-0.439085,0.659458,0.0672099,-0.0488167,0.0612564,0.365227,0.341507,0.322382,0.360361,0.187177,0.347572,0.346871,0.328929,0.419604,0,0,0,
0,0.0363997,0.186224,-0.00839939,-0.000281437,-0.488356,0.0623953,-0.30027,0.211162,0.119687,-0.276401,-0.0493286,0.0272337,0.0959235,-0.350428,-0.239598,-0.192504,-0.42103,0.648571,0.0720042,-0.0452324,0.0599193,0.365481,0.342159,0.323096,0.360354,0.187252,0.348141,0.347073,0.328921,0.418975,0,0,0,
0,0.0386099,0.187554,-0.00977353,0.0149603,-0.497442,0.0622865,-0.295854,0.20705,0.145113,-0.266783,-0.077427,0.0231696,0.0968625,-0.34971,-0.233844,-0.202626,-0.389693,0.627651,0.0798848,-0.0425083,0.0565111,0.365633,0.342073,0.323677,0.359963,0.189407,0.348731,0.345405,0.32685,0.417859,0,0,0,
0,0.041697,0.186209,-0.0117151,0.0286125,-0.495879,0.0617531,-0.295011,0.201751,0.167789,-0.251495,-0.0928546,0.0235841,0.0984111,-0.346447,-0.224779,-0.233438,-0.346305,0.620971,0.0768434,-0.0428732,0.0585046,0.365472,0.341398,0.322949,0.358312,0.190451,0.347643,0.343912,0.324959,0.415896,0,0,0,
0,0.0428275,0.183179,-0.0124595,0.0330811,-0.489264,0.0618867,-0.294039,0.197858,0.17748,-0.242243,-0.0991549,0.0263767,0.0991854,-0.341475,-0.219569,-0.253608,-0.327957,0.625333,0.070169,-0.0424393,0.058887,0.365228,0.340498,0.321245,0.355796,0.190519,0.347097,0.343486,0.323535,0.414265,0,0,0,
0,0.0437906,0.174638,-0.0142503,0.0381926,-0.469106,0.0623703,-0.291165,0.19124,0.204502,-0.211097,-0.115937,0.0259934,0.10143,-0.3297,-0.208885,-0.282746,-0.305057,0.634826,0.0607787,-0.0411907,0.0617023,0.364192,0.337679,0.317997,0.350593,0.189742,0.345028,0.342268,0.321293,0.412131,0,0,0,
0,0.042738,0.167801,-0.0152831,0.0393142,-0.456032,0.0622699,-0.28738,0.188408,0.214451,-0.196407,-0.123312,0.0268392,0.101214,-0.323401,-0.202753,-0.301076,-0.294817,0.639754,0.0578957,-0.0410391,0.0623896,0.363354,0.335856,0.315471,0.347262,0.187947,0.343666,0.341564,0.320061,0.411088,0,0,0,
0,0.0415359,0.154334,-0.0163879,0.0386376,-0.430125,0.0615266,-0.277495,0.184131,0.235149,-0.16626,-0.136566,0.0218677,0.0985019,-0.31331,-0.190475,-0.331676,-0.276595,0.644234,0.0586286,-0.0450531,0.0644105,0.360875,0.331276,0.309639,0.341671,0.185506,0.342056,0.34007,0.316901,0.408837,0,0,0,
0,0.0414703,0.140797,-0.0160612,0.0354931,-0.398169,0.0587768,-0.265064,0.180032,0.258218,-0.145211,-0.152187,0.00948209,0.0950037,-0.303963,-0.178023,-0.375444,-0.253374,0.65818,0.0547389,-0.053598,0.0654008,0.358821,0.327883,0.306074,0.337864,0.184498,0.340786,0.338841,0.314887,0.405521,0,0,0,
0,0.0409867,0.134427,-0.0154654,0.032832,-0.379369,0.0559312,-0.258575,0.177501,0.268289,-0.137821,-0.160719,0.00303133,0.0929634,-0.29923,-0.171611,-0.401632,-0.240991,0.668308,0.0508737,-0.0575958,0.0666642,0.358125,0.326816,0.305373,0.336888,0.185143,0.339917,0.337855,0.313484,0.403401,0,0,0,
0,0.0401381,0.12254,-0.0139119,0.0260708,-0.342457,0.0477909,-0.246564,0.172882,0.292693,-0.129389,-0.182051,-0.00725997,0.0841014,-0.289466,-0.161934,-0.446863,-0.220745,0.686927,0.0458021,-0.0638243,0.0689265,0.35587,0.324017,0.304289,0.336332,0.185338,0.337916,0.335873,0.310648,0.399767,0,0,0,
0,0.0390323,0.113537,-0.0124168,0.0172504,-0.317207,0.0392615,-0.236145,0.165893,0.319751,-0.125384,-0.203213,-0.0127311,0.0734332,-0.280301,-0.151134,-0.504506,-0.198833,0.712936,0.0390952,-0.0728645,0.0695037,0.352386,0.320553,0.30387,0.335351,0.184289,0.336033,0.334267,0.308788,0.397317,0,0,0,
0,0.0382849,0.109989,-0.0118538,0.0116954,-0.308941,0.0365896,-0.231705,0.162395,0.332018,-0.123683,-0.212285,-0.0137081,0.0688155,-0.275953,-0.146295,-0.526851,-0.189702,0.725742,0.0369909,-0.0769207,0.0701535,0.349704,0.318343,0.303946,0.335809,0.184562,0.334702,0.333456,0.307417,0.396019,0,0,0,
0,0.0373119,0.103118,-0.0107815,0.00122757,-0.29526,0.0333109,-0.223431,0.154004,0.35437,-0.118411,-0.22587,-0.0138856,0.0611151,-0.265632,-0.136939,-0.577181,-0.172194,0.753796,0.0312846,-0.0846091,0.0695835,0.343108,0.313445,0.302436,0.335318,0.18431,0.331922,0.331838,0.303677,0.392066,0,0,0,
0,0.0355931,0.0967097,-0.00995211,-0.00495743,-0.283665,0.0317339,-0.214859,0.146872,0.381408,-0.113128,-0.239265,-0.0130449,0.0565692,-0.253487,-0.130896,-0.616178,-0.162354,0.786562,0.0268667,-0.0949863,0.0675968,0.331326,0.303437,0.300894,0.333576,0.181545,0.330393,0.331284,0.294005,0.383702,0,0,0,
0,0.0340418,0.0933873,-0.00939061,-0.00702578,-0.277423,0.0314458,-0.210485,0.143152,0.398282,-0.110377,-0.247169,-0.0127249,0.0558421,-0.245882,-0.1292,-0.627449,-0.160397,0.804798,0.0244546,-0.0989945,0.0665514,0.320842,0.298069,0.299845,0.332581,0.181086,0.329565,0.331136,0.289208,0.378202,0,0,0,
0,0.0309338,0.0894014,-0.00872551,-0.0105088,-0.2687,0.0317748,-0.204143,0.138779,0.420404,-0.10695,-0.262743,-0.0156609,0.0590189,-0.233372,-0.12807,-0.619216,-0.16263,0.83128,0.0225178,-0.103425,0.066836,0.304081,0.286988,0.298029,0.331612,0.181739,0.328603,0.331227,0.284894,0.371891,0,0,0,
0,0.0268977,0.0872901,-0.00814941,-0.0142216,-0.261762,0.0332056,-0.198708,0.137162,0.424566,-0.104503,-0.270955,-0.0195288,0.0608083,-0.223745,-0.128466,-0.616242,-0.166435,0.826707,0.0264793,-0.101996,0.0674283,0.293949,0.281627,0.296116,0.330864,0.181315,0.32847,0.330085,0.283901,0.369599,0,0,0,
0,0.0255746,0.0870056,-0.00757779,-0.0153452,-0.258738,0.0327946,-0.19704,0.136902,0.423812,-0.104129,-0.271817,-0.0208647,0.0615867,-0.220592,-0.128142,-0.62025,-0.167105,0.825369,0.0282954,-0.101224,0.0673661,0.292015,0.28007,0.295022,0.330471,0.180775,0.328249,0.329191,0.283777,0.368839,0,0,0,
0,0.0234814,0.0871655,-0.00717599,-0.0173719,-0.256149,0.0314794,-0.195289,0.136232,0.417367,-0.103324,-0.267816,-0.020843,0.0642779,-0.215443,-0.127387,-0.62938,-0.167151,0.827263,0.029787,-0.0998939,0.0669329,0.291776,0.278899,0.293784,0.32976,0.18065,0.327859,0.328055,0.283854,0.367382,0,0,0,
0,0.0235754,0.0866308,-0.00705469,-0.0215495,-0.256309,0.0291352,-0.194621,0.134766,0.406599,-0.100579,-0.259024,-0.0198807,0.0664852,-0.211054,-0.126595,-0.635383,-0.166257,0.832045,0.0300713,-0.0967987,0.0665523,0.292608,0.278679,0.293112,0.328806,0.181258,0.327278,0.327824,0.284377,0.366283,0,0,0,
0,0.0232506,0.08683,-0.00705251,-0.0248959,-0.257944,0.0288926,-0.194544,0.134122,0.399955,-0.099738,-0.254348,-0.0201103,0.0667153,-0.209984,-0.126506,-0.635418,-0.166753,0.83377,0.0303519,-0.094221,0.0669789,0.292794,0.278622,0.292508,0.328386,0.18181,0.327143,0.328116,0.284456,0.365877,0,0,0,
0,0.0225953,0.0878989,-0.00640686,-0.0300875,-0.263253,0.0280892,-0.19408,0.132579,0.393832,-0.0995273,-0.246643,-0.0200288,0.0655525,-0.209027,-0.12645,-0.628524,-0.168937,0.831424,0.03031,-0.0900611,0.0671683,0.293154,0.278514,0.291316,0.327467,0.182678,0.326718,0.328381,0.284379,0.365134,0,0,0,
0,0.0226062,0.0877167,-0.00580372,-0.0314588,-0.264326,0.028094,-0.193521,0.131839,0.395881,-0.0994195,-0.246709,-0.0201192,0.064745,-0.208556,-0.126552,-0.625919,-0.169375,0.82982,0.0299891,-0.0888441,0.0669988,0.293069,0.278231,0.290768,0.327032,0.18292,0.326699,0.32842,0.284435,0.365007,0,0,0,
0,0.0225946,0.0871707,-0.00521103,-0.0317835,-0.264647,0.0284047,-0.192948,0.131042,0.399193,-0.0993169,-0.246871,-0.021278,0.0660487,-0.208335,-0.126483,-0.618218,-0.170637,0.823793,0.0292386,-0.0865793,0.0672441,0.293019,0.278007,0.290157,0.326552,0.183463,0.32653,0.328543,0.283521,0.364041,0,0,0,
0,0.0230092,0.086509,-0.00501962,-0.032053,-0.262975,0.0286188,-0.192729,0.130332,0.394795,-0.0988666,-0.245517,-0.0247667,0.0709672,-0.208409,-0.126283,-0.612453,-0.172403,0.817333,0.0282685,-0.0864695,0.0691277,0.294171,0.279039,0.290915,0.327163,0.184022,0.326596,0.32859,0.281219,0.361885,0,0,0,
0,0.0234347,0.0863927,-0.00504106,-0.0321348,-0.26253,0.0280639,-0.1928,0.129901,0.391793,-0.0986546,-0.243427,-0.0258133,0.0728569,-0.208522,-0.126085,-0.608301,-0.172987,0.814082,0.0280524,-0.0864906,0.0698301,0.295017,0.279582,0.291402,0.327511,0.184345,0.326638,0.328458,0.280459,0.361302,0,0,0,
0,0.023514,0.0866365,-0.00513574,-0.0321152,-0.263992,0.0274225,-0.193202,0.129685,0.387778,-0.09849,-0.240458,-0.0270713,0.0732289,-0.209881,-0.125941,-0.600547,-0.173968,0.807983,0.0282839,-0.0864312,0.0708975,0.296481,0.280302,0.292038,0.327892,0.184856,0.326743,0.327993,0.280317,0.360905,0,0,0,
0,0.0226085,0.0876364,-0.00536898,-0.0321837,-0.266251,0.0273846,-0.193906,0.129492,0.385334,-0.0986056,-0.237979,-0.0261533,0.0727944,-0.211682,-0.125697,-0.595161,-0.175108,0.801937,0.0296866,-0.0881398,0.0711281,0.297551,0.28035,0.291658,0.327561,0.185165,0.327068,0.326805,0.279986,0.361262,0,0,0,
0,0.0221615,0.0879308,-0.00544239,-0.0324131,-0.266198,0.0277582,-0.193785,0.12915,0.384818,-0.0980324,-0.237815,-0.0257456,0.072167,-0.212116,-0.125521,-0.595881,-0.174852,0.801067,0.0303505,-0.0889002,0.071408,0.298079,0.280241,0.29145,0.327522,0.185643,0.327096,0.325982,0.279894,0.361483,0,0,0,
0,0.0225872,0.0888828,-0.00554905,-0.0318679,-0.265435,0.0279419,-0.193086,0.128606,0.387542,-0.0977129,-0.238718,-0.0257886,0.0700596,-0.212515,-0.125166,-0.597908,-0.174327,0.802996,0.0313858,-0.0901944,0.0715725,0.299483,0.280056,0.291115,0.327283,0.186311,0.327079,0.324307,0.280156,0.361874,0,0,0,
0,0.022342,0.0894043,-0.00551002,-0.0301613,-0.264465,0.027956,-0.191656,0.128742,0.390874,-0.0980012,-0.24233,-0.0259657,0.0692409,-0.211762,-0.124893,-0.601586,-0.174095,0.805202,0.0329138,-0.0900337,0.0714579,0.300195,0.279774,0.290726,0.326927,0.186432,0.327061,0.32351,0.280526,0.362151,0,0,0,
0,0.0221473,0.0895375,-0.00548235,-0.0298249,-0.264188,0.0277617,-0.190984,0.128723,0.389854,-0.0983558,-0.242751,-0.0252671,0.0691671,-0.211212,-0.124824,-0.60346,-0.173941,0.806178,0.0340574,-0.0901505,0.0714246,0.300526,0.279755,0.290714,0.326879,0.186399,0.327037,0.323243,0.280668,0.362189,0,0,0,
0,0.0221315,0.0897804,-0.00545067,-0.0297771,-0.264499,0.0268968,-0.190476,0.128678,0.388991,-0.0979124,-0.242116,-0.0238522,0.0693096,-0.209998,-0.124654,-0.608014,-0.172635,0.810108,0.034182,-0.0904047,0.0713062,0.30138,0.279949,0.29117,0.327028,0.186663,0.326735,0.322706,0.280908,0.362266,0,0,0,
