0,-0.0155661,-0.0285684,0.00883276,-0.00851068,-0.116951,0.0259443,0.000838222,0.0326793,0.165813,-0.180584,-0.160447,0.0644029,-0.00892261,0.0162354,-0.0421169,-0.218814,-0.243875,0.340445,0.00438426,0.00740279,0.00193215,0.295166,0.261676,0.238194,0.287202,0.0195841,0.19581,0.23211,0.190193,0.301986,0,0,0,
0,-0.0152068,-0.0285245,0.00865695,-0.00892221,-0.117328,0.0257739,0.00114687,0.032714,0.164839,-0.180648,-0.159105,0.0637789,-0.00948636,0.0163757,-0.0419215,-0.215795,-0.243806,0.338686,0.00320535,0.00721232,0.0016018,0.295011,0.2615,0.238144,0.287187,0.0197929,0.195674,0.232167,0.190245,0.302018,0,0,0,
0,-0.0152554,-0.028289,0.00847605,-0.00946136,-0.117355,0.0254996,0.00141832,0.0330069,0.165237,-0.181004,-0.158884,0.0633627,-0.0100298,0.0165061,-0.0417853,-0.214039,-0.243969,0.337683,0.00275675,0.00748442,0.00154151,0.294933,0.261422,0.238138,0.287172,0.0197902,0.195673,0.232232,0.190231,0.302142,0,0,0,
0,-0.01519,-0.0282538,0.00838383,-0.00958266,-0.117306,0.0253886,0.00152107,0.0331363,0.166933,-0.181274,-0.160059,0.0633669,-0.0100491,0.0165757,-0.0417646,-0.213792,-0.244001,0.337273,0.00281202,0.00766157,0.00144072,0.294986,0.261478,0.238195,0.287269,0.0197608,0.19567,0.232272,0.190296,0.302221,0,0,0,
0,-0.0147715,-0.0280724,0.00827487,-0.00931312,-0.117371,0.0252953,0.00160936,0.0330485,0.168532,-0.18242,-0.162218,0.0632449,-0.0103578,0.0164029,-0.0417941,-0.21316,-0.24401,0.336608,0.00294429,0.00778323,0.00138852,0.294925,0.261432,0.238161,0.2873,0.0197155,0.195719,0.232244,0.190387,0.302366,0,0,0,
0,-0.0146225,-0.027821,0.00820809,-0.00892475,-0.118124,0.0255312,0.00152072,0.0331015,0.169529,-0.183599,-0.163886,0.0637525,-0.010134,0.0161261,-0.0417052,-0.213063,-0.243988,0.336227,0.00292167,0.0077692,0.00154126,0.294875,0.261468,0.23822,0.287382,0.0197315,0.195761,0.23226,0.190516,0.302397,0,0,0,
0,-0.0146802,-0.0273268,0.00803731,-0.0087,-0.118744,0.0256965,0.00108243,0.033173,0.169528,-0.18409,-0.164637,0.0639968,-0.00993756,0.0156077,-0.0417031,-0.212757,-0.244146,0.335818,0.00272492,0.00810264,0.00152869,0.294896,0.261443,0.238265,0.287405,0.0197773,0.195722,0.23223,0.190493,0.302311,0,0,0,
0,-0.0147547,-0.0264686,0.00787213,-0.00823465,-0.120049,0.0256403,0.000303389,0.0329809,0.16787,-0.184411,-0.164191,0.0640752,-0.00939882,0.014587,-0.0416262,-0.211999,-0.244216,0.334902,0.00275978,0.00848969,0.00150201,0.294855,0.261432,0.238318,0.287466,0.019689,0.195776,0.232082,0.190506,0.302246,0,0,0,
0,-0.014226,-0.0255719,0.00734981,-0.00883409,-0.121429,0.0262515,-0.00115415,0.034001,0.164855,-0.18468,-0.159949,0.0632491,-0.00796801,0.0134405,-0.0416709,-0.212548,-0.244268,0.335419,0.00271066,0.00845652,0.00103692,0.29468,0.261396,0.239106,0.288546,0.0198174,0.195667,0.23198,0.190544,0.302158,0,0,0,
0,-0.0136595,-0.0255072,0.00724716,-0.00906417,-0.121195,0.0263607,-0.00208079,0.0351004,0.163981,-0.184672,-0.157215,0.0625872,-0.00619362,0.0133701,-0.0418723,-0.212429,-0.243996,0.335987,0.00233561,0.00820453,0.000904235,0.294712,0.26162,0.239977,0.289901,0.0198334,0.195623,0.231943,0.19058,0.302203,0,0,0,
0,-0.0130133,-0.0253148,0.00738213,-0.00859345,-0.1206,0.0265936,-0.0047526,0.0375802,0.156494,-0.184782,-0.149027,0.0610661,-0.00184586,0.0131845,-0.042165,-0.211148,-0.244503,0.336316,0.00219732,0.00795205,0.000275261,0.294723,0.26357,0.243383,0.294055,0.0198092,0.195585,0.231891,0.190642,0.302321,0,0,0,
0,-0.0128022,-0.025402,0.00786007,-0.0072842,-0.119589,0.0265277,-0.00668233,0.0400895,0.153519,-0.184717,-0.143517,0.0606483,-0.00040271,0.0132773,-0.0423154,-0.210625,-0.244516,0.33601,0.00253063,0.00814116,0.000246927,0.294788,0.264722,0.245635,0.296378,0.0198103,0.195589,0.23185,0.190723,0.302331,0,0,0,
0,-0.012204,-0.0264175,0.00901884,-0.00534791,-0.11653,0.0264031,-0.00974564,0.0458837,0.148032,-0.184453,-0.134216,0.0596851,0.00170301,0.0141961,-0.0425183,-0.211212,-0.244602,0.336485,0.00361992,0.00885829,-5.98493e-05,0.294616,0.266791,0.249583,0.301513,0.0199133,0.195636,0.231796,0.190747,0.302329,0,0,0,
0,-0.0110893,-0.0281476,0.0104293,-0.00437252,-0.11377,0.0259984,-0.013934,0.0535518,0.145387,-0.183952,-0.131456,0.0597184,0.00463556,0.0155022,-0.0424403,-0.212247,-0.243998,0.337401,0.00448608,0.00855886,-0.00025663,0.294497,0.26922,0.253185,0.306135,0.0196861,0.195873,0.231808,0.191038,0.302387,0,0,0,
0,-0.0110447,-0.029166,0.0116348,-0.00353502,-0.11241,0.0260083,-0.015366,0.0562614,0.144873,-0.183027,-0.133191,0.0598029,0.0060477,0.0166363,-0.0425041,-0.212638,-0.243529,0.337458,0.00457974,0.00813471,-0.0003385,0.294524,0.270947,0.255234,0.307888,0.0196348,0.195958,0.231845,0.191064,0.302329,0,0,0,
0,-0.0114351,-0.0301844,0.0137891,-0.000468133,-0.110491,0.0268881,-0.0182909,0.062258,0.136046,-0.181512,-0.13104,0.0611788,0.00538338,0.0182005,-0.0425947,-0.212117,-0.243094,0.337751,0.00382916,0.00753663,-2.92911e-05,0.295559,0.274533,0.259032,0.311203,0.0195912,0.196111,0.231973,0.191213,0.302376,0,0,0,
0,-0.0112129,-0.0308559,0.0151356,0.00606464,-0.109356,0.0303915,-0.019272,0.067996,0.139793,-0.179609,-0.128183,0.0639992,0.00153315,0.0188003,-0.0421528,-0.21093,-0.243388,0.339305,0.0035037,0.00708772,-0.00067302,0.296447,0.277195,0.261616,0.313963,0.0196026,0.196437,0.232045,0.19125,0.30242,0,0,0,
0,-0.0108744,-0.0311599,0.0156323,0.012332,-0.109236,0.0328648,-0.0189754,0.0709804,0.146145,-0.179137,-0.125942,0.0647874,0.000251724,0.0184703,-0.0420499,-0.211368,-0.243628,0.340948,0.00346235,0.00696314,-0.00166415,0.296867,0.278343,0.262764,0.315332,0.0196708,0.19654,0.232027,0.191165,0.30235,0,0,0,
0,-0.00970427,-0.0308365,0.0164362,0.0375752,-0.109769,0.0439,-0.0176873,0.0791504,0.169038,-0.181218,-0.114444,0.0626913,-0.00193521,0.0170484,-0.0420237,-0.212896,-0.243845,0.345202,0.00401607,0.00627441,-0.00464953,0.297869,0.280745,0.264724,0.317961,0.0198482,0.196598,0.23197,0.191087,0.302307,0,0,0,
0,-0.00907139,-0.028964,0.0172111,0.0691999,-0.113691,0.0611554,-0.0174692,0.0949517,0.225668,-0.196135,-0.111728,0.0550242,-0.00575747,0.0145545,-0.0419309,-0.21256,-0.243874,0.347411,0.00445833,0.00646273,-0.00738677,0.298451,0.283038,0.267459,0.320977,0.0199293,0.196667,0.2322,0.191241,0.302326,0,0,0,
0,-0.00854864,-0.02793,0.0173827,0.0840929,-0.117116,0.070105,-0.018587,0.104248,0.260591,-0.208423,-0.114989,0.0526145,-0.00723732,0.0132711,-0.0419953,-0.212227,-0.243932,0.347801,0.00490837,0.00667694,-0.00830169,0.298734,0.284768,0.269093,0.323623,0.0198526,0.19662,0.232333,0.19134,0.302318,0,0,0,
0,-0.00667732,-0.0251835,0.0178166,0.111612,-0.128483,0.0889501,-0.0285311,0.141069,0.350893,-0.244237,-0.118023,0.0507986,-0.0246995,0.0105438,-0.0424133,-0.210894,-0.244248,0.348329,0.00506751,0.00740913,-0.00816436,0.300419,0.288946,0.272365,0.327479,0.0199247,0.196727,0.232387,0.191243,0.302279,0,0,0,
0,-0.00543901,-0.0225763,0.0189765,0.128263,-0.138259,0.100784,-0.0416728,0.184336,0.443173,-0.2926,-0.110999,0.0525877,-0.061954,0.00900068,-0.0425113,-0.21165,-0.245109,0.348199,0.00534324,0.00752122,-0.00878414,0.30189,0.292993,0.276629,0.330902,0.0197393,0.196882,0.232515,0.191279,0.302366,0,0,0,
0,-0.00416047,-0.0207248,0.0195013,0.133384,-0.144015,0.104452,-0.0505403,0.213585,0.481867,-0.323729,-0.104025,0.0574541,-0.0888761,0.00760613,-0.042788,-0.210971,-0.245843,0.348977,0.00484367,0.00726872,-0.00912535,0.304198,0.294919,0.27877,0.331625,0.0197576,0.196983,0.232463,0.191266,0.302363,0,0,0,
0,-0.000997905,-0.0191937,0.0208691,0.139225,-0.151918,0.107153,-0.0669903,0.276422,0.548709,-0.405544,-0.079305,0.08133,-0.162942,0.00742027,-0.0436102,-0.209078,-0.246796,0.349951,0.00393826,0.00688897,-0.0144078,0.30344,0.293926,0.27926,0.333816,0.019611,0.196837,0.232365,0.191245,0.302321,0,0,0,
0,0.000408489,-0.0183198,0.0220442,0.141995,-0.15528,0.107153,-0.0730554,0.304302,0.566885,-0.443174,-0.0728347,0.0995974,-0.192058,0.00736703,-0.0446065,-0.207491,-0.247575,0.350505,0.00332765,0.00660885,-0.0153382,0.303914,0.293821,0.279931,0.334707,0.0195955,0.19676,0.232318,0.191217,0.302302,0,0,0,
0,0.00217471,-0.0167688,0.0247693,0.145179,-0.161891,0.107535,-0.079832,0.354334,0.89892,-0.510031,-0.21199,0.120909,-0.163056,0.00725706,-0.0466999,-0.203766,-0.249579,0.35237,0.00301875,0.00645826,-0.0174597,0.304808,0.292863,0.280207,0.334826,0.0195378,0.196696,0.232164,0.191082,0.302344,0,0,0,
0,0.0041552,-0.0151696,0.0279311,0.147237,-0.166596,0.107783,-0.0842764,0.39491,1.15656,-0.561037,-0.468733,0.0996365,-0.0512447,0.0084323,-0.0506112,-0.20021,-0.252792,0.357046,0.00232141,0.00734171,-0.0181053,0.305748,0.292461,0.280202,0.335024,0.0196843,0.196916,0.232155,0.190947,0.302344,0,0,0,
0,0.00542336,-0.0140178,0.0297875,0.148635,-0.168998,0.107666,-0.0852507,0.426371,1.2069,-0.589779,-0.547156,0.0876781,-0.0189038,0.00894637,-0.053703,-0.199107,-0.255365,0.357533,0.00314696,0.00792415,-0.0182156,0.306217,0.292424,0.280168,0.335125,0.0195602,0.19702,0.232165,0.190984,0.30228,0,0,0,
0,0.00622283,-0.012616,0.0344361,0.151304,-0.173419,0.106629,-0.0806082,0.479035,1.24845,-0.646141,-0.636091,0.0724636,0.0187365,0.0106352,-0.0606997,-0.202432,-0.2592,0.360498,0.00574015,0.00812871,-0.0184245,0.306961,0.291761,0.280325,0.335629,0.0194399,0.197034,0.232103,0.191074,0.302213,0,0,0,
0,0.00701303,-0.0117593,0.0405151,0.154425,-0.176637,0.10416,-0.0689048,0.528649,1.24926,-0.700999,-0.671157,0.069458,0.0359139,0.0118864,-0.0677347,-0.20482,-0.260799,0.36338,0.00740196,0.00726162,-0.0190769,0.308076,0.291468,0.281042,0.335558,0.0194823,0.19708,0.232102,0.191083,0.302218,0,0,0,
0,0.00722291,-0.0112652,0.0438693,0.156306,-0.177812,0.102508,-0.0596314,0.556724,1.24486,-0.729921,-0.681607,0.0686051,0.0412619,0.0127935,-0.0711982,-0.205251,-0.261165,0.364493,0.00726128,0.00746383,-0.0196351,0.308585,0.290969,0.281417,0.335743,0.0196896,0.19704,0.232094,0.191004,0.302122,0,0,0,
0,0.00911844,-0.010654,0.0502164,0.160669,-0.182497,0.100278,-0.039038,0.598657,1.21899,-0.775662,-0.695079,0.0717759,0.0534183,0.0143913,-0.0776669,-0.204351,-0.263084,0.365119,0.00642631,0.00852578,-0.0196895,0.309218,0.290538,0.282189,0.335784,0.0197159,0.197317,0.232423,0.191235,0.302021,0,0,0,
0,0.012526,-0.00749865,0.0556662,0.169338,-0.19238,0.0994772,-0.0121646,0.639789,1.17849,-0.814668,-0.702509,0.0747267,0.066634,0.013784,-0.0846259,-0.204107,-0.268189,0.367349,0.00471474,0.0115585,-0.0205625,0.309368,0.290747,0.282054,0.335334,0.0201483,0.197365,0.232801,0.191423,0.302127,0,0,0,
0,0.0152023,-0.00683619,0.0584359,0.176402,-0.199379,0.100859,0.00572442,0.659149,1.14832,-0.830215,-0.702667,0.075403,0.0707602,0.0142682,-0.0882924,-0.204802,-0.270938,0.368524,0.00505876,0.0130011,-0.0213587,0.309443,0.288536,0.281627,0.334149,0.0201309,0.197523,0.232897,0.191451,0.302073,0,0,0,
0,0.0224589,-0.0038179,0.0642563,0.188756,-0.216133,0.0999537,0.0433547,0.692419,1.07091,-0.859805,-0.697292,0.0663521,0.0844471,0.0137704,-0.0971192,-0.206766,-0.277355,0.37139,0.0067239,0.0153803,-0.016782,0.312343,0.288302,0.280193,0.333731,0.0202643,0.197698,0.233061,0.191482,0.302119,0,0,0,
0,0.0328961,-0.000271431,0.0672547,0.191704,-0.237538,0.0992755,0.076164,0.712578,0.978127,-0.879197,-0.676309,0.0637129,0.0934894,0.0138049,-0.102798,-0.208721,-0.283709,0.373409,0.00939815,0.0168816,-0.0161268,0.311184,0.289225,0.279188,0.336687,0.0203438,0.197838,0.233105,0.191413,0.301891,0,0,0,
0,0.038837,0.00159814,0.0678677,0.190287,-0.247897,0.0972936,0.0901259,0.717826,0.93797,-0.888993,-0.67521,0.0520276,0.109246,0.0132477,-0.104882,-0.208641,-0.285943,0.372855,0.0105509,0.017318,-0.00758121,0.313905,0.290437,0.282721,0.335633,0.0200201,0.197779,0.23316,0.191466,0.30166,0,0,0,
0,0.0487525,0.00339442,0.0680481,0.190447,-0.270159,0.0953889,0.121698,0.716858,0.819177,-0.897483,-0.640758,0.0406292,0.118689,0.0143346,-0.106631,-0.209868,-0.288682,0.370747,0.0118358,0.0166766,-0.00908839,0.309991,0.29146,0.285284,0.333874,0.0199565,0.198125,0.233337,0.191681,0.301533,0,0,0,
0,0.0561202,0.00501096,0.0663507,0.18887,-0.281052,0.0944381,0.138072,0.708961,0.749661,-0.902536,-0.610464,0.0352518,0.119736,0.0128189,-0.107392,-0.207638,-0.290151,0.370767,0.011554,0.0161647,-0.00796318,0.306893,0.291285,0.282847,0.332755,0.0196929,0.198355,0.233396,0.192033,0.301758,0,0,0,
0,0.0689243,0.00707482,0.0612607,0.187352,-0.303206,0.0988546,0.157516,0.67958,0.606217,-0.911175,-0.542251,0.0250711,0.126001,0.0108204,-0.105422,-0.204915,-0.292177,0.363088,0.0123979,0.0177041,0.00124441,0.302318,0.291751,0.284032,0.331166,0.0198249,0.198193,0.233199,0.191929,0.301378,0,0,0,
0,0.0776048,0.007945,0.054204,0.184892,-0.317058,0.111494,0.157654,0.649702,0.480152,-0.918572,-0.463889,0.0176211,0.118655,0.00928931,-0.101359,-0.204811,-0.293048,0.357095,0.0119485,0.0182269,0.00340384,0.302498,0.289362,0.277306,0.326047,0.019971,0.198133,0.233138,0.192246,0.301416,0,0,0,
0,0.0846414,0.00932726,0.0472393,0.18124,-0.324828,0.124745,0.146604,0.639167,0.423817,-0.927499,-0.413767,0.0153522,0.104189,0.00630336,-0.0980936,-0.201876,-0.294712,0.355004,0.0112237,0.0192064,0.00527887,0.300912,0.28802,0.273071,0.323975,0.0200892,0.19824,0.233116,0.192018,0.301039,0,0,0,
0,0.0922747,0.00907261,0.0339228,0.184951,-0.335833,0.162834,0.113732,0.61502,0.344146,-0.937372,-0.301439,0.0162591,0.0691493,0.00389967,-0.0899094,-0.200619,-0.295721,0.346827,0.0106533,0.0204433,0.00888891,0.300316,0.28484,0.268768,0.317213,0.0193207,0.198168,0.232919,0.191739,0.30095,0,0,0,
0,0.0951323,0.00633961,0.0236919,0.213283,-0.335123,0.195586,0.0771749,0.597898,0.297104,-0.951228,-0.205044,0.0150566,0.0453064,0.0038936,-0.0837864,-0.204348,-0.296701,0.340404,0.00759137,0.0214196,0.0134616,0.300291,0.283986,0.266673,0.312932,0.0187954,0.19788,0.23257,0.191442,0.300766,0,0,0,
0,0.097621,0.0038421,0.0174522,0.231126,-0.333539,0.208983,0.0543451,0.593255,0.28145,-0.956949,-0.167833,0.0177818,0.036816,0.0029396,-0.0801716,-0.206727,-0.298207,0.340149,0.00843112,0.0223253,0.0127862,0.30114,0.28423,0.266152,0.312274,0.0185903,0.197817,0.232589,0.191385,0.300648,0,0,0,
0,0.103395,-0.00328648,0.00436976,0.263619,-0.327838,0.227686,0.0343817,0.597322,0.252839,-0.986193,-0.115144,0.0139661,0.0228123,0.00137279,-0.0719505,-0.212003,-0.297986,0.337067,0.0124951,0.0233487,0.0169135,0.300771,0.28425,0.265279,0.309582,0.0182734,0.197581,0.232483,0.191197,0.300463,0,0,0,
0,0.10928,-0.00776503,-0.00917017,0.311337,-0.32105,0.242208,-0.0523994,0.587963,0.246065,-0.979746,-0.0824472,0.0222029,0.0132895,0.000723487,-0.063377,-0.214726,-0.296281,0.334808,0.0146636,0.0225979,0.0156227,0.300115,0.286133,0.265747,0.309447,0.0180219,0.197493,0.232526,0.191171,0.300541,0,0,0,
0,0.111946,-0.00995193,-0.0164953,0.328835,-0.317557,0.249711,-0.0925505,0.585495,0.245492,-0.977681,-0.0732762,0.0238769,0.00742425,0.00094875,-0.0581627,-0.219911,-0.294608,0.335648,0.0142091,0.0221821,0.0161376,0.299552,0.28683,0.266129,0.310235,0.0178992,0.197515,0.23254,0.191179,0.300639,0,0,0,
0,0.114247,-0.0142263,-0.0286482,0.374053,-0.303314,0.26141,-0.156987,0.58274,0.256184,-0.971783,-0.059387,0.0193992,-0.00707316,0.00220541,-0.0508082,-0.225188,-0.292906,0.340027,0.0113022,0.0211684,0.0207518,0.299313,0.287703,0.267992,0.31212,0.0176411,0.197165,0.232328,0.191108,0.30104,0,0,0,
0,0.113903,-0.0178806,-0.0379322,0.409485,-0.288317,0.270494,-0.22183,0.582395,0.288434,-0.974709,-0.0498263,0.0312551,-0.0196843,0.00273619,-0.0459628,-0.226972,-0.294192,0.345983,0.00912298,0.0207991,0.019133,0.300482,0.289308,0.270065,0.314575,0.0173045,0.197077,0.232171,0.191046,0.301265,0,0,0,
0,0.112967,-0.0192247,-0.0411007,0.429174,-0.277893,0.272938,-0.253939,0.584631,0.310623,-0.973843,-0.0468064,0.0377069,-0.0258169,0.00278588,-0.0443538,-0.228397,-0.295165,0.349201,0.00911399,0.0210782,0.0191589,0.300817,0.290014,0.270272,0.315797,0.017119,0.196884,0.232112,0.190958,0.301387,0,0,0,
0,0.109911,-0.0187429,-0.043112,0.466218,-0.258187,0.272612,-0.308086,0.590181,0.356036,-0.963678,-0.036457,0.0355258,-0.0432417,0.0019347,-0.0435251,-0.228632,-0.297395,0.357368,0.00983686,0.0203038,0.0200474,0.300819,0.290873,0.272015,0.31803,0.0167442,0.196626,0.231868,0.190733,0.301613,0,0,0,
0,0.106519,-0.0175563,-0.0421658,0.488122,-0.247623,0.269664,-0.333656,0.595763,0.384124,-0.959053,-0.0323908,0.0361958,-0.0515394,0.00138579,-0.0435972,-0.228825,-0.298344,0.362141,0.0105862,0.0202816,0.0202337,0.300083,0.289992,0.272286,0.317482,0.0165429,0.196638,0.231817,0.190818,0.301741,0,0,0,
0,0.0963748,-0.013369,-0.0364949,0.530681,-0.233916,0.261197,-0.365642,0.609278,0.434245,-0.948682,-0.0359636,0.0408075,-0.0609505,0.00145938,-0.0451213,-0.228328,-0.301112,0.369282,0.0112136,0.0218272,0.0201306,0.303599,0.292919,0.275992,0.320911,0.0165293,0.196745,0.231682,0.190871,0.301885,0,0,0,
0,0.0829746,-0.00764114,-0.027437,0.582757,-0.224798,0.243977,-0.378692,0.624582,0.495437,-0.94769,-0.0537393,0.0466748,-0.06255,0.00209765,-0.0485864,-0.232035,-0.305688,0.383044,0.0114371,0.022464,0.0218651,0.308337,0.294161,0.279849,0.324421,0.0173858,0.196751,0.231379,0.190811,0.302123,0,0,0,
0,0.0711653,-0.00291173,-0.0193948,0.617567,-0.220279,0.229744,-0.381265,0.639574,0.517259,-0.945244,-0.0656326,0.0505073,-0.0621422,0.00157322,-0.0521611,-0.232278,-0.308967,0.385577,0.012175,0.0226018,0.0204929,0.309435,0.296811,0.280053,0.325832,0.0174386,0.19664,0.231272,0.190885,0.302254,0,0,0,
0,0.0520474,0.00595293,-0.00265035,0.675035,-0.212308,0.203066,-0.374324,0.66116,0.567079,-0.944333,-0.0821071,0.0568384,-0.06116,-0.000136096,-0.0599664,-0.235966,-0.314502,0.391309,0.0145797,0.0232717,0.0194992,0.312572,0.296857,0.281278,0.328758,0.0173807,0.196324,0.231137,0.190386,0.302132,0,0,0,
0,0.0368148,0.0133595,0.0152495,0.724227,-0.202674,0.175509,-0.355734,0.684265,0.613629,-0.948824,-0.0915778,0.064734,-0.0599165,0.000738385,-0.0695019,-0.24146,-0.320357,0.397477,0.017757,0.023858,0.0190105,0.316112,0.296344,0.281177,0.330746,0.0168633,0.19614,0.231149,0.19018,0.301921,0,0,0,
0,0.0320057,0.0164897,0.0226328,0.743548,-0.19855,0.164553,-0.34485,0.695217,0.639851,-0.950185,-0.101107,0.0661736,-0.0522105,0.00110165,-0.0737459,-0.244981,-0.323146,0.40353,0.0187855,0.0236031,0.0200779,0.318548,0.296591,0.281605,0.332971,0.0174498,0.196232,0.231268,0.190113,0.301828,0,0,0,
0,0.0215022,0.023545,0.0375962,0.779795,-0.189905,0.146559,-0.326518,0.702823,0.666619,-0.941786,-0.125785,0.0749808,-0.0325145,-0.000510088,-0.0819931,-0.248899,-0.327438,0.40715,0.0200555,0.0233294,0.0163093,0.319716,0.296207,0.285899,0.336536,0.0175238,0.196354,0.231366,0.189989,0.301737,0,0,0,
0,0.0086711,0.0315912,0.0507354,0.812197,-0.181969,0.134941,-0.280256,0.736607,0.67194,-0.949048,-0.158236,0.0812161,-0.0194591,-0.00278396,-0.08638,-0.252857,-0.331209,0.398087,0.0167138,0.0248186,0.0157094,0.322012,0.298497,0.29047,0.343707,0.0182583,0.196275,0.231318,0.18999,0.301928,0,0,0,
0,0.00282876,0.0351074,0.0575679,0.826226,-0.17877,0.128642,-0.237415,0.764363,0.670464,-0.959593,-0.180486,0.073737,-0.0105602,-0.00416793,-0.0901089,-0.255,-0.334152,0.398236,0.0142533,0.0262372,0.0171139,0.323223,0.299884,0.294346,0.347265,0.0176958,0.1963,0.231141,0.189975,0.302128,0,0,0,
0,-0.00614062,0.0421981,0.0724716,0.85135,-0.168711,0.113234,-0.145019,0.805283,0.65359,-0.991963,-0.216593,0.0725388,-0.000446419,-0.00803767,-0.102917,-0.256362,-0.343617,0.398534,0.015158,0.0279695,0.0140643,0.32723,0.300812,0.299015,0.353078,0.0181734,0.196221,0.231278,0.189931,0.302182,0,0,0,
0,-0.00810094,0.0464952,0.085278,0.866803,-0.156861,0.0988019,-0.0650608,0.824101,0.626708,-1.01965,-0.233652,0.0703266,0.0193164,-0.0131726,-0.114662,-0.26032,-0.349325,0.400131,0.0216893,0.0291227,0.0166094,0.328098,0.30173,0.300962,0.356354,0.0183063,0.196367,0.231321,0.189821,0.301823,0,0,0,
0,-0.00789053,0.0481683,0.0901749,0.870699,-0.152206,0.0911258,-0.0304867,0.825891,0.606424,-1.02464,-0.239165,0.0666536,0.0298849,-0.0148431,-0.118995,-0.2627,-0.350406,0.399506,0.0247438,0.0294017,0.0171991,0.327051,0.300425,0.29989,0.356113,0.0181915,0.196426,0.231361,0.189954,0.30162,0,0,0,
0,-0.00691219,0.0494088,0.0945257,0.87149,-0.14654,0.0795164,0.0512714,0.813758,0.542356,-1.03905,-0.257729,0.053109,0.0579808,-0.0157857,-0.120573,-0.265111,-0.35084,0.396044,0.0273711,0.0314744,0.0209178,0.327362,0.299532,0.300344,0.35674,0.0182457,0.196403,0.231356,0.189779,0.301537,0,0,0,
0,-0.00444463,0.0491338,0.0951875,0.867585,-0.145514,0.0746031,0.0862551,0.802263,0.498234,-1.04361,-0.257504,0.0474628,0.0645727,-0.0167027,-0.121265,-0.266268,-0.351364,0.39457,0.0275816,0.0322488,0.0209297,0.327932,0.300108,0.300689,0.356181,0.0182044,0.196439,0.231361,0.189882,0.301478,0,0,0,
0,0.00891608,0.0492378,0.0918987,0.850231,-0.147226,0.0673288,0.139735,0.769828,0.418876,-1.06336,-0.244731,0.038189,0.0712147,-0.0194906,-0.121582,-0.265987,-0.353368,0.390506,0.0274268,0.0333019,0.0222317,0.326902,0.30058,0.299429,0.354851,0.0184865,0.19667,0.231401,0.18985,0.3012,0,0,0,
0,0.0239797,0.0518238,0.0842503,0.830264,-0.149965,0.0521963,0.182187,0.719379,0.333303,-1.08277,-0.213166,0.025913,0.0750968,-0.023792,-0.119523,-0.262889,-0.355315,0.385555,0.0257133,0.0326796,0.0242652,0.325489,0.299144,0.297945,0.351927,0.0184226,0.1965,0.231373,0.189751,0.300799,0,0,0,
0,0.031573,0.0525226,0.0798026,0.817659,-0.151979,0.0469374,0.196047,0.689839,0.289075,-1.09054,-0.194514,0.0238063,0.0754193,-0.0260178,-0.117659,-0.261348,-0.355275,0.38275,0.0240538,0.0322501,0.0233272,0.323948,0.297869,0.296204,0.348711,0.0183773,0.196407,0.2312,0.189748,0.300967,0,0,0,
0,0.0481402,0.0532037,0.0681779,0.781562,-0.157217,0.0373017,0.199753,0.637478,0.216327,-1.10119,-0.166106,0.0226075,0.0782925,-0.0324144,-0.112844,-0.253075,-0.35622,0.378271,0.0209289,0.0319851,0.0255489,0.323888,0.300259,0.296553,0.34764,0.0182322,0.196174,0.230819,0.189258,0.300435,0,0,0,
0,0.0613823,0.0516535,0.0543238,0.722276,-0.165779,0.0272783,0.187797,0.627583,0.15711,-1.10246,-0.159064,0.0190623,0.0679105,-0.0380105,-0.106103,-0.241623,-0.355019,0.368222,0.018336,0.0326257,0.0317235,0.324271,0.301999,0.299642,0.347389,0.0181279,0.196242,0.230471,0.189294,0.300569,0,0,0,
0,0.0680982,0.0495868,0.0451954,0.669876,-0.166499,0.0161357,0.169624,0.57919,0.129529,-1.09616,-0.137414,0.022736,0.0625406,-0.0397057,-0.101625,-0.239375,-0.355473,0.366416,0.0157568,0.031549,0.0316724,0.323839,0.303801,0.30066,0.347143,0.0181799,0.19615,0.230416,0.189218,0.300569,0,0,0,
0,0.0745612,0.0462092,0.0298895,0.565926,-0.165439,-0.0142084,0.130067,0.52531,0.0937098,-1.06922,-0.0954791,0.0304985,0.0533975,-0.044984,-0.0966005,-0.232613,-0.357007,0.358681,0.0115207,0.0299318,0.0336857,0.323285,0.307115,0.301792,0.348261,0.0189079,0.195911,0.23027,0.188998,0.299684,0,0,0,
0,0.0800889,0.0364848,0.012482,0.415606,-0.163676,-0.0534924,0.0722116,0.49999,0.0930697,-1.03031,-0.0641505,0.0438379,0.0290518,-0.0476905,-0.0944634,-0.230602,-0.356434,0.352592,0.00684386,0.0339422,0.0320401,0.32192,0.307478,0.300545,0.34656,0.0200891,0.195655,0.229529,0.187753,0.296824,0,0,0,
0,0.0824202,0.0311661,0.0017493,0.345502,-0.164189,-0.0635829,0.0344655,0.4892,0.102089,-0.997014,-0.0500857,0.05677,0.0222029,-0.0479449,-0.0937066,-0.233041,-0.363166,0.349684,0.00615149,0.0383338,0.0295992,0.321477,0.307569,0.300105,0.346694,0.020377,0.195546,0.229192,0.187183,0.296359,0,0,0,
0,0.0845031,0.0220944,-0.0148026,0.195,-0.165145,-0.0828323,-0.0278732,0.472214,0.122007,-0.929194,-0.043766,0.078211,0.00986611,-0.0506117,-0.112981,-0.258401,-0.384904,0.345241,0.00781883,0.0539718,0.0243323,0.318673,0.306352,0.298662,0.344724,0.0193086,0.195947,0.228821,0.186257,0.297423,0,0,0,
0,0.0835914,0.0110827,-0.0327421,0.0111101,-0.160877,-0.0983687,-0.0890536,0.4608,0.162438,-0.84977,-0.047234,0.105832,-0.00245394,-0.0525414,-0.138066,-0.300469,-0.417746,0.355515,0.0147642,0.0764872,0.0137372,0.314399,0.305401,0.29683,0.34299,0.0185931,0.196832,0.228109,0.185991,0.298185,0,0,0,
0,0.0825173,0.00647088,-0.0403442,-0.0667271,-0.157069,-0.103568,-0.111753,0.453836,0.184444,-0.812913,-0.0465595,0.117647,-0.0103852,-0.0547111,-0.160925,-0.324217,-0.439502,0.35979,0.0190804,0.0909092,0.00909477,0.315796,0.304841,0.293942,0.340971,0.0183694,0.197173,0.227861,0.186053,0.298421,0,0,0,
0,0.0769969,-0.000424723,-0.0540539,-0.190416,-0.148395,-0.110008,-0.159018,0.430605,0.223026,-0.729197,-0.0537245,0.147353,-0.0133765,-0.0635591,-0.217415,-0.569799,-0.502342,0.460889,0.0239779,0.0822985,-0.00037958,0.31769,0.303696,0.292329,0.338708,0.0171543,0.197688,0.228087,0.187494,0.298725,0,0,0,
0,0.074393,-0.00311551,-0.0584034,-0.268084,-0.143443,-0.11992,-0.181158,0.406894,0.226179,-0.686966,-0.0540888,0.159863,-0.0113844,-0.0712132,-0.251517,-0.705128,-0.533162,0.557618,0.0125961,0.0540212,-0.00304668,0.318246,0.303611,0.292654,0.3404,0.016577,0.197832,0.228452,0.188509,0.298626,0,0,0,
0,0.0615884,-0.00847792,-0.0675222,-0.374776,-0.12955,-0.128725,-0.20759,0.377684,0.2221,-0.598659,-0.0445688,0.172667,-0.00406782,-0.0915064,-0.313255,-0.865042,-0.599544,0.694707,-0.00101558,0.0218544,-0.00173566,0.320103,0.304934,0.292082,0.340969,0.0159888,0.198276,0.229045,0.190399,0.299141,0,0,0,
0,0.0512885,-0.0142883,-0.0735859,-0.495021,-0.106799,-0.142813,-0.22697,0.344723,0.193852,-0.527353,-0.021602,0.170012,0.00340985,-0.109339,-0.364741,-0.960731,-0.656324,0.76023,-0.0043486,0.00825518,0.000316022,0.319815,0.305632,0.293008,0.341251,0.0161735,0.19934,0.229552,0.193385,0.300333,0,0,0,
0,0.0405736,-0.0176595,-0.0771208,-0.541534,-0.0913387,-0.146641,-0.229198,0.339053,0.139793,-0.495091,0.0162903,0.161587,-0.00408252,-0.125055,-0.405502,-1.0145,-0.696083,0.778866,-0.00414905,0.0116742,0.00224073,0.321387,0.30549,0.292628,0.340978,0.0157383,0.2001,0.229809,0.194635,0.301473,0,0,0,
0,0.0263561,-0.0215586,-0.0817676,-0.646293,-0.0611521,-0.159089,-0.229276,0.331408,0.103043,-0.460253,0.0852964,0.139181,-0.0246494,-0.151057,-0.476476,-1.09928,-0.77244,0.80952,-0.00122365,0.0139341,0.00234775,0.322729,0.307877,0.293482,0.342568,0.0141628,0.200895,0.23126,0.196101,0.30391,0,0,0,
0,0.0113776,-0.0231049,-0.0849811,-0.741225,-0.0346438,-0.169088,-0.220319,0.33171,0.100695,-0.447644,0.123724,0.123589,-0.029367,-0.178031,-0.531841,-1.17312,-0.845981,0.826944,0.00269946,0.0136319,0.00210952,0.32308,0.309035,0.294718,0.34351,0.0145942,0.202958,0.232998,0.198381,0.306698,0,0,0,
0,0.00472187,-0.0239898,-0.0855838,-0.778377,-0.0254773,-0.171725,-0.214702,0.335569,0.10493,-0.44733,0.132374,0.118451,-0.0293276,-0.189659,-0.565552,-1.20695,-0.883897,0.837084,0.00378943,0.0121481,0.00176131,0.322982,0.309383,0.294903,0.34435,0.0144619,0.203927,0.234354,0.19964,0.307719,0,0,0,
0,-0.00804257,-0.0256097,-0.0869565,-0.824861,-0.0166689,-0.170485,-0.203078,0.345882,0.111978,-0.45208,0.147225,0.110797,-0.0321263,-0.20934,-0.630856,-1.26246,-0.961285,0.85672,0.00491014,0.00698694,0.00137131,0.322382,0.310276,0.295157,0.343301,0.0136336,0.205062,0.237833,0.200921,0.310226,0,0,0,
0,-0.0203207,-0.026345,-0.0884474,-0.85223,-0.015521,-0.166583,-0.193375,0.358109,0.120813,-0.45999,0.153827,0.105903,-0.0373738,-0.221385,-0.701925,-1.29579,-1.0437,0.880492,0.000964006,-0.00318076,0.00108276,0.322056,0.31113,0.294956,0.344384,0.0122044,0.204969,0.240146,0.201407,0.313071,0,0,0,
0,-0.0304971,-0.0264244,-0.0889614,-0.861734,-0.0160698,-0.164248,-0.188375,0.365194,0.124146,-0.464673,0.155647,0.103242,-0.0397269,-0.224404,-0.728673,-1.30093,-1.07901,0.893653,-0.00140322,-0.0133369,0.000921346,0.32147,0.311054,0.294852,0.343953,0.01228,0.204818,0.240918,0.201058,0.314942,0,0,0,
0,-0.0523628,-0.0264473,-0.0906273,-0.877467,-0.0159122,-0.157433,-0.181237,0.377193,0.125565,-0.473864,0.155247,0.0993471,-0.0405511,-0.213167,-0.789567,-1.28847,-1.14804,0.919732,-0.00977908,-0.039335,0.000775781,0.321074,0.311,0.294722,0.343805,0.0110023,0.204958,0.24357,0.20211,0.318283,0,0,0,
0,-0.0762229,-0.0249321,-0.0911072,-0.88339,-0.0150026,-0.145958,-0.178179,0.389881,0.124288,-0.484727,0.148612,0.097273,-0.0365278,-0.175016,-0.851471,-1.22032,-1.20152,0.946724,-0.0262366,-0.0643046,0.000566279,0.320793,0.312199,0.295667,0.3445,0.00732653,0.210232,0.24416,0.201154,0.322049,0,0,0,
0,-0.0895829,-0.0236005,-0.0902757,-0.883936,-0.0139085,-0.141258,-0.175966,0.396827,0.121916,-0.488928,0.142682,0.0977286,-0.0351119,-0.154374,-0.868879,-1.17707,-1.2194,0.972696,-0.040772,-0.088301,4.33294e-05,0.320836,0.313144,0.296601,0.345002,0.0101142,0.210704,0.246995,0.204966,0.32529,0,0,0,
0,-0.111811,-0.0225857,-0.0882249,-0.884471,-0.0115179,-0.1347,-0.167926,0.406333,0.119738,-0.4956,0.13212,0.0997948,-0.032348,-0.0763168,-0.889627,-1.04939,-1.24433,0.999298,-0.0603577,-0.115325,7.83358e-05,0.322002,0.317356,0.300524,0.348002,0.0126901,0.211635,0.245718,0.204245,0.33051,0,0,0,
0,-0.125427,-0.0212577,-0.0854867,-0.880094,-0.0116725,-0.131841,-0.160576,0.408806,0.117638,-0.49561,0.124845,0.104039,-0.030347,-0.0375633,-0.891752,-0.979459,-1.25712,0.998474,-0.0629079,-0.118963,9.80181e-05,0.322807,0.319879,0.303345,0.349757,0.0110197,0.213253,0.247186,0.204086,0.33053,0,0,0,
0,-0.149135,-0.016708,-0.0788693,-0.867351,-0.0158545,-0.125918,-0.147613,0.407132,0.114774,-0.486112,0.113399,0.114554,-0.0287758,0.0308106,-0.883562,-0.848709,-1.27507,0.999388,-0.0565373,-0.118349,-0.00171371,0.323763,0.322175,0.305457,0.353518,0.0140717,0.216937,0.248045,0.205159,0.331962,0,0,0,
0,-0.169734,-0.0119106,-0.0711806,-0.849733,-0.0210563,-0.120902,-0.130939,0.395743,0.107837,-0.469364,0.107368,0.120751,-0.0262182,0.0880635,-0.854088,-0.747359,-1.28725,0.990533,-0.0424139,-0.111318,-0.00211224,0.324981,0.32259,0.305612,0.353947,0.0166321,0.215841,0.247687,0.203669,0.333913,0,0,0,
0,-0.177348,-0.00925027,-0.0668806,-0.842779,-0.0249019,-0.118142,-0.122485,0.386594,0.10515,-0.45834,0.103204,0.120914,-0.0219956,0.113433,-0.830498,-0.701929,-1.28828,0.984605,-0.0387937,-0.110306,-0.00243682,0.325664,0.321803,0.305047,0.353935,0.0176452,0.216287,0.247979,0.203513,0.334102,0,0,0,
0,-0.18763,-0.00479221,-0.0590826,-0.831616,-0.0324728,-0.114521,-0.108061,0.369967,0.0954781,-0.443503,0.0958718,0.115033,-0.00905148,0.14265,-0.787115,-0.631658,-1.28426,0.987014,-0.0380473,-0.111627,-0.000723611,0.327554,0.321962,0.305857,0.35458,0.0169799,0.216733,0.247971,0.2034,0.336179,0,0,0,
0,-0.193125,-0.000681899,-0.0530901,-0.825357,-0.0409018,-0.114121,-0.0940256,0.352546,0.084644,-0.433446,0.0936064,0.107313,0.00422629,0.175771,-0.695018,-0.53757,-1.26887,0.963113,-0.0428389,-0.122458,-0.000452206,0.328164,0.321788,0.305499,0.355631,0.0197866,0.216483,0.249238,0.205395,0.336641,0,0,0,
0,-0.195532,0.00134197,-0.0521173,-0.823185,-0.0455691,-0.113767,-0.0895913,0.34662,0.0769775,-0.431874,0.0942526,0.102717,0.0109428,0.177422,-0.620228,-0.490491,-1.25083,0.939945,-0.0401279,-0.130321,-4.82891e-05,0.328482,0.321737,0.305427,0.355765,0.0213024,0.217773,0.250831,0.206362,0.337035,0,0,0,
0,-0.199379,0.002906,-0.0509788,-0.82207,-0.0540938,-0.119272,-0.0812973,0.339837,0.0649325,-0.431515,0.0981438,0.0940396,0.0202687,0.161296,-0.48295,-0.39895,-1.20171,0.895475,-0.0354324,-0.137822,0.00037566,0.328547,0.321932,0.30568,0.35594,0.0224614,0.219889,0.256972,0.208619,0.339674,0,0,0,
0,-0.202181,0.00438847,-0.0483036,-0.821521,-0.0613936,-0.131068,-0.0755689,0.335762,0.0580947,-0.435875,0.101695,0.0889585,0.0208512,0.123458,-0.355974,-0.324552,-1.1477,0.795102,-0.0153852,-0.118401,0.000747503,0.328427,0.322116,0.305833,0.355758,0.0253541,0.221688,0.259946,0.209442,0.339419,0,0,0,
0,-0.202011,0.00544434,-0.0462972,-0.820748,-0.0641445,-0.138215,-0.074138,0.332942,0.0565451,-0.438053,0.104279,0.0881149,0.0184176,0.0960291,-0.301895,-0.300729,-1.11888,0.730224,-0.000243781,-0.0980603,0.000347317,0.328148,0.321826,0.305556,0.355431,0.0245201,0.219394,0.259596,0.206854,0.338628,0,0,0,
0,-0.19542,0.00729474,-0.0422719,-0.821999,-0.0720405,-0.151684,-0.0732664,0.326755,0.0588046,-0.442924,0.105807,0.0847442,0.0162231,0.0408728,-0.236573,-0.28359,-1.06598,0.61111,0.0202604,-0.062057,-0.000420284,0.32709,0.321331,0.304989,0.355402,0.0217061,0.218997,0.258493,0.204783,0.33819,0,0,0,
0,-0.185464,0.00658479,-0.0411756,-0.829364,-0.0810979,-0.157339,-0.0736006,0.323446,0.0609687,-0.45209,0.105723,0.0811702,0.0158796,-0.0141077,-0.226559,-0.31007,-1.03139,0.531813,0.0338335,-0.0279317,-0.000693342,0.326467,0.321518,0.305256,0.355507,0.0199761,0.216012,0.259835,0.202275,0.3351,0,0,0,
0,-0.178472,0.00608009,-0.0406071,-0.834933,-0.0872391,-0.159323,-0.0750596,0.321363,0.063365,-0.457738,0.107565,0.081244,0.012465,-0.0406065,-0.243663,-0.343705,-1.01954,0.505526,0.0400726,-0.0101869,-0.00103548,0.326311,0.321549,0.30533,0.355452,0.0199975,0.21668,0.260461,0.202155,0.332999,0,0,0,
0,-0.168885,0.00560087,-0.0414407,-0.84739,-0.096946,-0.159803,-0.0784445,0.320028,0.0682923,-0.467643,0.109761,0.0822116,0.00642512,-0.110915,-0.325649,-0.448211,-1.00398,0.499618,0.0544732,0.0287691,-0.00120693,0.325727,0.321122,0.305116,0.355128,0.0201608,0.218125,0.259627,0.203351,0.33508,0,0,0,
0,-0.160126,0.00510842,-0.0444866,-0.860832,-0.101236,-0.159243,-0.0824934,0.319634,0.0747365,-0.472722,0.113403,0.0823487,0.00200428,-0.141987,-0.368869,-0.51792,-1.00312,0.50089,0.0619584,0.0503955,-0.000898716,0.325691,0.321182,0.305175,0.3552,0.0151614,0.219527,0.256576,0.200525,0.333516,0,0,0,
0,-0.148217,0.00322162,-0.0494859,-0.883943,-0.106535,-0.159242,-0.0877871,0.320668,0.0874137,-0.480739,0.11637,0.0837993,-0.00690666,-0.214022,-0.453464,-0.69248,-1.01362,0.529979,0.0718877,0.0730699,-0.000284656,0.325868,0.321392,0.305204,0.35532,0.0117745,0.2185,0.261359,0.204696,0.328703,0,0,0,
0,-0.130749,-0.00297628,-0.0572389,-0.913489,-0.110846,-0.160547,-0.0943464,0.321344,0.106531,-0.486294,0.136789,0.0837691,-0.0178406,-0.268268,-0.514854,-0.848298,-1.02351,0.574043,0.0714531,0.0708638,0.00110414,0.32624,0.321348,0.304926,0.355196,0.0135082,0.222583,0.262103,0.207998,0.330448,0,0,0,
0,-0.124342,-0.00522334,-0.0615911,-0.927473,-0.112326,-0.159987,-0.0980344,0.321363,0.114986,-0.487088,0.153691,0.0826648,-0.0214282,-0.292857,-0.542846,-0.922664,-1.03222,0.596876,0.0660173,0.064764,0.00230948,0.326395,0.321144,0.304909,0.35465,0.014407,0.224688,0.266658,0.210324,0.331392,0,0,0,
0,-0.113844,-0.0112343,-0.0713227,-0.953546,-0.111526,-0.159777,-0.104071,0.32145,0.129563,-0.481768,0.199229,0.080829,-0.0259961,-0.335776,-0.588826,-1.05618,-1.05386,0.634664,0.0549175,0.0534011,0.00358209,0.327521,0.321249,0.305778,0.354637,0.0159607,0.225454,0.268257,0.211245,0.32784,0,0,0,
0,-0.108911,-0.0200607,-0.0786486,-0.970586,-0.103875,-0.166274,-0.104543,0.322021,0.144113,-0.466142,0.244121,0.0815163,-0.0292677,-0.36877,-0.626658,-1.16868,-1.07563,0.668843,0.042267,0.0399177,0.00415809,0.329104,0.321524,0.306525,0.355136,0.0200563,0.228195,0.27181,0.215116,0.326783,0,0,0,
0,-0.109396,-0.02467,-0.0813757,-0.9738,-0.0994273,-0.172399,-0.103357,0.32284,0.150892,-0.457439,0.262066,0.0808257,-0.0289139,-0.3813,-0.641928,-1.2117,-1.0874,0.681848,0.0352021,0.0355473,0.0045299,0.330685,0.321767,0.306863,0.355399,0.0210993,0.228442,0.272332,0.215738,0.326239,0,0,0,
0,-0.109831,-0.0354277,-0.0874367,-0.975998,-0.0893633,-0.186734,-0.0996466,0.326874,0.166984,-0.435199,0.283982,0.079372,-0.0242243,-0.403089,-0.683424,-1.28997,-1.1269,0.717977,0.0180477,0.0196665,0.00387303,0.332801,0.321843,0.307108,0.35686,0.020052,0.230037,0.274237,0.217222,0.325307,0,0,0,
0,-0.111269,-0.0415009,-0.0948635,-0.974495,-0.0809947,-0.196768,-0.0971087,0.332013,0.18111,-0.415631,0.276008,0.0745257,-0.0178094,-0.41215,-0.71507,-1.33268,-1.1689,0.752404,0.00478663,-0.00045085,0.00336662,0.333003,0.321266,0.307087,0.356959,0.019549,0.230183,0.275317,0.218347,0.326373,0,0,0,
0,-0.111277,-0.0432571,-0.097404,-0.972589,-0.0781441,-0.200737,-0.095509,0.334066,0.187273,-0.410192,0.270277,0.0703447,-0.0154003,-0.409212,-0.74149,-1.34397,-1.19392,0.77186,-0.00166465,-0.00859348,0.0038501,0.33322,0.321596,0.307083,0.3568,0.0183851,0.2301,0.27552,0.218763,0.327019,0,0,0,
0,-0.110822,-0.0454682,-0.101997,-0.967679,-0.0733536,-0.202854,-0.0916691,0.336277,0.196833,-0.40302,0.256699,0.0511303,-0.0123954,-0.390304,-0.779062,-1.34545,-1.23745,0.858896,-0.00865466,-0.0331715,0.00608026,0.333297,0.321544,0.306861,0.356487,0.0187758,0.229271,0.274873,0.220348,0.329946,0,0,0,
0,-0.112682,-0.0454263,-0.106959,-0.960042,-0.0715039,-0.196077,-0.088761,0.339149,0.193936,-0.407803,0.240013,0.0320617,-0.00583774,-0.333098,-0.82525,-1.31585,-1.28373,0.920274,-0.0207951,-0.0536784,0.0060994,0.332648,0.321689,0.307562,0.356818,0.0185789,0.228277,0.273099,0.220125,0.330886,0,0,0,
0,-0.114888,-0.0450977,-0.10919,-0.955152,-0.0718529,-0.191505,-0.0883971,0.341478,0.189059,-0.413424,0.233357,0.0258337,-0.00469161,-0.301923,-0.845683,-1.29088,-1.30391,0.932739,-0.0246175,-0.0595187,0.00652552,0.331925,0.321883,0.307743,0.356876,0.0181497,0.227514,0.271297,0.219656,0.330654,0,0,0,
0,-0.124728,-0.0427714,-0.111708,-0.940529,-0.0741804,-0.181217,-0.0881948,0.347099,0.173729,-0.42647,0.23206,0.0255936,-0.00765902,-0.235311,-0.881172,-1.23411,-1.33935,0.951417,-0.0269762,-0.0759189,0.0053843,0.330797,0.321809,0.307987,0.356842,0.0183572,0.226522,0.271222,0.219418,0.32984,0,0,0,
0,-0.131304,-0.0427765,-0.110279,-0.931058,-0.0754973,-0.179422,-0.086953,0.348457,0.168697,-0.429395,0.235253,0.0290496,-0.0109105,-0.193623,-0.901522,-1.20352,-1.35842,0.95442,-0.0262144,-0.081424,0.00488969,0.330738,0.321529,0.307722,0.35677,0.0184445,0.225268,0.270186,0.218989,0.330071,0,0,0,
0,-0.143543,-0.038342,-0.106541,-0.914132,-0.0813377,-0.17039,-0.0878966,0.350359,0.161653,-0.433627,0.243326,0.0332807,-0.0167319,-0.118534,-0.937025,-1.13255,-1.38072,0.949562,-0.0271098,-0.0780807,0.00379231,0.32996,0.32109,0.307292,0.355973,0.0193012,0.224777,0.271032,0.217319,0.330767,0,0,0,
0,-0.154452,-0.0342628,-0.101791,-0.89859,-0.0886,-0.155403,-0.0869366,0.3518,0.159965,-0.436494,0.243774,0.0370853,-0.0206567,-0.0663,-0.956387,-1.07983,-1.40246,0.955203,-0.024804,-0.0832053,0.00245125,0.330095,0.32066,0.306963,0.356429,0.0190519,0.22562,0.269989,0.216077,0.331765,0,0,0,
0,-0.162092,-0.0304161,-0.0980726,-0.887703,-0.0924105,-0.145471,-0.0864241,0.351642,0.155388,-0.437952,0.237144,0.0384999,-0.0197789,-0.0287798,-0.957516,-1.04386,-1.40617,0.96502,-0.0336418,-0.0915496,0.00166063,0.329917,0.320342,0.306919,0.356469,0.0210689,0.227617,0.271562,0.216984,0.33274,0,0,0,
0,-0.170246,-0.024799,-0.093438,-0.872424,-0.0955033,-0.128837,-0.0865487,0.347674,0.149569,-0.44114,0.225035,0.0405546,-0.0172658,0.0338021,-0.940757,-0.966645,-1.40977,0.991723,-0.0502168,-0.112102,0.000542727,0.329122,0.319976,0.30705,0.356527,0.0256192,0.228667,0.273396,0.219234,0.336324,0,0,0,
0,-0.176056,-0.0203953,-0.0877124,-0.852063,-0.0946585,-0.118869,-0.0889157,0.339684,0.141372,-0.443355,0.205082,0.0444172,-0.0135108,0.0910869,-0.885558,-0.872663,-1.39753,0.994768,-0.0576001,-0.120046,-7.87525e-05,0.328316,0.320036,0.307602,0.356604,0.0278136,0.228749,0.27266,0.220003,0.335506,0,0,0,
0,-0.17912,-0.0170467,-0.0832401,-0.835031,-0.0945415,-0.112689,-0.0910297,0.333008,0.136136,-0.443896,0.195352,0.047018,-0.0128929,0.107612,-0.852741,-0.828787,-1.38625,0.977686,-0.0538995,-0.118382,-0.000432168,0.328052,0.320101,0.307347,0.356342,0.0243116,0.227677,0.270866,0.218618,0.334199,0,0,0,
0,-0.184596,-0.00806371,-0.0717995,-0.793795,-0.100547,-0.0994376,-0.0941488,0.317106,0.125893,-0.443219,0.179706,0.0517904,-0.0104498,0.105987,-0.780116,-0.757931,-1.34692,0.936416,-0.034575,-0.117739,-0.00103007,0.327769,0.320056,0.307728,0.355864,0.0254223,0.227356,0.269927,0.217309,0.333967,0,0,0,
0,-0.180409,0.00745046,-0.0612246,-0.766748,-0.115985,-0.0701275,-0.0975811,0.298393,0.116498,-0.446123,0.164675,0.0508852,-0.00945629,0.0655317,-0.72021,-0.719388,-1.29193,0.890083,-0.0210718,-0.11007,-0.00104542,0.327619,0.320848,0.307713,0.356343,0.0271756,0.228052,0.268869,0.216884,0.334305,0,0,0,
0,-0.17554,0.0132667,-0.0568809,-0.760856,-0.120348,-0.0555851,-0.0974988,0.288377,0.113448,-0.448104,0.163405,0.0513659,-0.0104815,0.0428663,-0.693546,-0.70882,-1.26432,0.87342,-0.0175391,-0.107505,-0.000899496,0.32767,0.320721,0.308197,0.356304,0.0273045,0.228375,0.268677,0.216938,0.334646,0,0,0,
0,-0.16237,0.0181285,-0.050248,-0.745615,-0.115657,-0.0288656,-0.0968416,0.272244,0.112642,-0.448909,0.169828,0.0552881,-0.0120208,-0.0137618,-0.632457,-0.696073,-1.20016,0.847454,-0.026209,-0.104289,-0.00233353,0.327326,0.320188,0.307832,0.356355,0.0325583,0.228737,0.269127,0.217199,0.336139,0,0,0,
0,-0.148657,0.0164041,-0.0430763,-0.722689,-0.109484,-0.0178662,-0.099541,0.256188,0.114712,-0.443352,0.170155,0.0586732,-0.00615595,-0.0621807,-0.589849,-0.676172,-1.15344,0.824936,-0.0245292,-0.094273,-0.00241855,0.327053,0.31991,0.308034,0.356361,0.0333761,0.228948,0.268958,0.216691,0.337773,0,0,0,
0,-0.143999,0.0170065,-0.0404414,-0.712427,-0.108653,-0.0150144,-0.101579,0.24962,0.113179,-0.440785,0.170645,0.0583273,-0.0025044,-0.0974441,-0.564946,-0.671992,-1.12894,0.814919,-0.0183488,-0.0872525,-0.00225981,0.327137,0.320172,0.308115,0.356427,0.0331422,0.227364,0.267288,0.215285,0.337731,0,0,0,
0,-0.130253,0.013745,-0.0356618,-0.701384,-0.105283,-0.0162571,-0.104061,0.237046,0.116294,-0.435785,0.175284,0.0595041,-0.000313617,-0.142376,-0.522839,-0.668512,-1.07443,0.81048,-0.00612123,-0.0861393,-0.00302134,0.327117,0.319826,0.308389,0.357034,0.0292974,0.229122,0.267473,0.217628,0.339272,0,0,0,
0,-0.123147,0.01175,-0.0340012,-0.695862,-0.102818,-0.0181333,-0.106972,0.230664,0.118761,-0.432694,0.169238,0.0628544,0.00514449,-0.163234,-0.492641,-0.663709,-1.04422,0.810447,-0.000171362,-0.0907325,-0.00313803,0.32753,0.320418,0.309385,0.357451,0.0292612,0.229372,0.267655,0.218424,0.340631,0,0,0,
0,-0.110793,0.00529862,-0.0300847,-0.685628,-0.0979501,-0.0260903,-0.113603,0.21677,0.121139,-0.422127,0.150072,0.0702068,0.00995465,-0.197181,-0.435813,-0.65724,-0.974494,0.801671,0.0118063,-0.0929479,-0.00393951,0.327018,0.320215,0.309187,0.357432,0.0240472,0.232375,0.271404,0.222407,0.343106,0,0,0,
0,-0.0974826,-0.00133878,-0.0247383,-0.678666,-0.0944402,-0.0333607,-0.116693,0.205683,0.122482,-0.41692,0.113124,0.0661,0.0109363,-0.219746,-0.386392,-0.65776,-0.906036,0.779452,0.0191999,-0.0855057,-0.00354297,0.32605,0.320842,0.309604,0.357556,-0.00382787,0.234829,0.274494,0.224122,0.345384,0,0,0,
0,-0.0930582,-0.00359286,-0.0225088,-0.674519,-0.0934633,-0.0336451,-0.116977,0.200246,0.120149,-0.42309,0.103158,0.0634146,0.00909409,-0.230628,-0.357953,-0.66446,-0.869434,0.764806,0.0222963,-0.0808069,-0.00344029,0.325558,0.321093,0.309565,0.35745,-0.0118933,0.235725,0.274693,0.223875,0.344503,0,0,0,
0,-0.0748939,-0.0104417,-0.0194929,-0.682528,-0.0928945,-0.0359653,-0.129562,0.186157,0.12613,-0.43268,0.112367,0.0653288,0.00019097,-0.241529,-0.319215,-0.661682,-0.798476,0.741231,0.0296916,-0.0800358,-0.00309431,0.32521,0.321717,0.309368,0.356518,-0.0205995,0.2386,0.277551,0.223801,0.345854,0,0,0,
0,-0.0620743,-0.0172937,-0.0194139,-0.681842,-0.0893343,-0.0336002,-0.143368,0.173901,0.132555,-0.431815,0.139335,0.0687979,-0.00415823,-0.253892,-0.271148,-0.667289,-0.713866,0.733477,0.0338964,-0.0922027,-0.00116764,0.324709,0.321326,0.309087,0.355815,-0.0110234,0.239256,0.278129,0.224737,0.344737,0,0,0,
0,-0.059488,-0.0194002,-0.0191582,-0.68013,-0.0882152,-0.032331,-0.153782,0.168128,0.13692,-0.426275,0.157103,0.0706198,-0.00570034,-0.257756,-0.240117,-0.658933,-0.666735,0.725705,0.0354324,-0.0979194,0.000311497,0.324928,0.321469,0.30903,0.355484,-0.00677219,0.239597,0.278514,0.225166,0.344392,0,0,0,
0,-0.051297,-0.0237816,-0.0180854,-0.667392,-0.0861059,-0.027491,-0.168989,0.156668,0.153928,-0.408341,0.190378,0.0745977,-0.00785096,-0.253184,-0.203566,-0.627746,-0.591825,0.707076,0.0286731,-0.09722,0.0002002,0.325754,0.321902,0.30918,0.355483,0.00360908,0.239676,0.279168,0.225351,0.343397,0,0,0,
0,-0.046412,-0.0281688,-0.0166003,-0.644615,-0.0823461,-0.019901,-0.178086,0.150023,0.172662,-0.387518,0.190118,0.0835568,-0.00176139,-0.236321,-0.175489,-0.59213,-0.542733,0.685647,0.0193929,-0.0869969,-0.000722428,0.326816,0.322286,0.309924,0.356471,0.0114811,0.239106,0.279498,0.22443,0.342415,0,0,0,
0,-0.0436137,-0.0302093,-0.0162996,-0.628642,-0.0811628,-0.0138932,-0.180202,0.148694,0.181636,-0.372355,0.187058,0.0889621,0.00248622,-0.227216,-0.165509,-0.573429,-0.524879,0.675126,0.0140439,-0.0825988,-0.00113045,0.327701,0.322526,0.310202,0.35691,0.0131829,0.239115,0.280015,0.224262,0.341902,0,0,0,
0,-0.0398073,-0.0314963,-0.0153205,-0.592094,-0.0866309,-0.00186255,-0.180868,0.149085,0.199685,-0.34561,0.174123,0.0973357,0.0109999,-0.20895,-0.149407,-0.540829,-0.502811,0.653049,0.00786942,-0.0737092,-0.000408223,0.329336,0.322303,0.310121,0.357348,0.0158586,0.239256,0.280651,0.224024,0.340928,0,0,0,
0,-0.0390694,-0.0289176,-0.0136608,-0.546156,-0.106484,0.0140422,-0.174075,0.152613,0.215222,-0.317886,0.15166,0.100011,0.0228385,-0.190805,-0.138325,-0.32596,-0.493419,0.515681,0.0335547,-0.0157727,0.00173229,0.332409,0.323257,0.311197,0.358538,0.0170402,0.23953,0.281128,0.22421,0.340679,0,0,0,
0,-0.0397312,-0.0260688,-0.0125672,-0.524601,-0.117232,0.0200075,-0.170276,0.155288,0.221418,-0.306711,0.138985,0.0968289,0.0283099,-0.184499,-0.135302,-0.288901,-0.492243,0.463847,0.040319,0.00703225,0.00282954,0.333097,0.323732,0.311233,0.358914,0.0177714,0.239649,0.281516,0.224331,0.340387,0,0,0,
0,-0.0413011,-0.0214362,-0.0110611,-0.4717,-0.137335,0.0300046,-0.159713,0.161575,0.22996,-0.292708,0.112074,0.0910906,0.0360137,-0.168301,-0.131833,-0.260394,-0.494918,0.408253,0.0460036,0.0313575,0.00333227,0.33483,0.324276,0.311522,0.359439,0.0184021,0.240016,0.282189,0.224821,0.340388,0,0,0,
0,-0.0430244,-0.019334,-0.010222,-0.445852,-0.144934,0.0335021,-0.15393,0.164685,0.231351,-0.285474,0.0980238,0.0862188,0.0394855,-0.162953,-0.130162,-0.256106,-0.496258,0.394854,0.0470016,0.035647,0.00341764,0.335417,0.324484,0.311636,0.359532,0.0182981,0.240523,0.282878,0.225513,0.340614,0,0,0,
0,-0.0449498,-0.0148049,-0.00922266,-0.395899,-0.157353,0.0376495,-0.145086,0.168647,0.228883,-0.281373,0.0703809,0.0744314,0.043374,-0.154,-0.127214,-0.250564,-0.497653,0.380762,0.047144,0.0381408,0.00382891,0.33523,0.323908,0.311494,0.359675,0.0189942,0.240005,0.282958,0.224966,0.339297,0,0,0,
0,-0.0463207,-0.0117433,-0.0077696,-0.351739,-0.162664,0.0398548,-0.139695,0.170263,0.216354,-0.283693,0.0444248,0.0666793,0.0430052,-0.146807,-0.122534,-0.244178,-0.49263,0.377221,0.0441923,0.0319176,0.00380048,0.334568,0.323965,0.311304,0.35962,0.0199105,0.240201,0.284069,0.22548,0.339752,0,0,0,
0,-0.0477633,-0.0108832,-0.00718236,-0.327437,-0.163615,0.0394588,-0.138725,0.17013,0.209234,-0.285071,0.0311706,0.0649208,0.0418264,-0.143413,-0.120481,-0.240417,-0.489869,0.376514,0.0422899,0.0281727,0.00395897,0.334112,0.324026,0.311149,0.359885,0.0205002,0.240691,0.284425,0.22617,0.339735,0,0,0,
0,-0.0511917,-0.00975263,-0.00626822,-0.280479,-0.163914,0.0367586,-0.140307,0.166693,0.189337,-0.284784,0.00476879,0.0650168,0.0395256,-0.13883,-0.118522,-0.235084,-0.484445,0.37276,0.0386788,0.0251919,0.00413811,0.333043,0.325304,0.310189,0.359814,0.020969,0.240943,0.284927,0.226748,0.339312,0,0,0,
0,-0.0557482,-0.00938135,-0.00480324,-0.239733,-0.161376,0.0327107,-0.144073,0.158525,0.167313,-0.279214,-0.0126721,0.0677705,0.0361872,-0.134947,-0.117971,-0.231617,-0.4781,0.367529,0.0358258,0.0241975,0.00455075,0.33175,0.325671,0.309897,0.359473,0.0218989,0.241158,0.285715,0.226923,0.338882,0,0,0,
0,-0.0575162,-0.00884352,-0.00415825,-0.223657,-0.15959,0.029918,-0.146038,0.153129,0.157386,-0.274905,-0.0191811,0.0674051,0.0351144,-0.133925,-0.117492,-0.229714,-0.472648,0.365731,0.0346416,0.0219049,0.00525732,0.331788,0.325754,0.30964,0.359721,0.0220943,0.241378,0.286356,0.227037,0.338687,0,0,0,
0,-0.0593436,-0.00881675,-0.00294649,-0.187377,-0.14944,0.0193247,-0.146248,0.143947,0.141066,-0.268282,-0.0404364,0.062544,0.0312124,-0.131232,-0.114415,-0.226272,-0.458828,0.3632,0.033485,0.0162022,0.00687917,0.329721,0.32589,0.309119,0.359178,0.0232994,0.241651,0.287052,0.227586,0.338597,0,0,0,
0,-0.0598706,-0.00896828,-0.00233632,-0.156213,-0.137092,0.0110869,-0.142054,0.133662,0.120856,-0.267507,-0.0507695,0.0568722,0.0297933,-0.127989,-0.108087,-0.219788,-0.441331,0.358033,0.0284853,0.0104382,0.00817488,0.328774,0.325394,0.308609,0.358756,0.0245681,0.242033,0.287591,0.228208,0.338663,0,0,0,
0,-0.0595645,-0.0090702,-0.00228667,-0.136777,-0.128657,0.00745785,-0.139594,0.129855,0.112187,-0.267858,-0.0533724,0.0550073,0.0296851,-0.126643,-0.105263,-0.21656,-0.431578,0.354959,0.0261634,0.00812847,0.0086943,0.328644,0.325637,0.308947,0.358868,0.0252471,0.242337,0.287752,0.228649,0.338472,0,0,0,
0,-0.0567993,-0.00988586,-0.00255325,-0.107273,-0.111992,0.00294418,-0.13384,0.12358,0.098925,-0.265931,-0.0547666,0.0539452,0.0293695,-0.122532,-0.0978328,-0.207485,-0.412121,0.34264,0.0209886,0.00441897,0.00921244,0.328501,0.325494,0.309199,0.35875,0.0256283,0.242783,0.288367,0.229882,0.338148,0,0,0,
0,-0.0522689,-0.00976092,-0.00313584,-0.0865908,-0.0981277,-0.000545041,-0.129329,0.117909,0.0880734,-0.261712,-0.0613512,0.055459,0.0323161,-0.120462,-0.0908534,-0.198665,-0.39109,0.328954,0.016481,0.00157361,0.0109645,0.328946,0.325433,0.309538,0.359113,0.0255453,0.24304,0.28855,0.230724,0.337728,0,0,0,
0,-0.0500139,-0.0100574,-0.00322833,-0.074734,-0.0901078,-0.00270204,-0.126829,0.115322,0.0792969,-0.256963,-0.0671865,0.0568891,0.0343734,-0.118709,-0.0871225,-0.194445,-0.380929,0.32267,0.012406,0.000295761,0.0115548,0.329359,0.325362,0.309581,0.359229,0.0262643,0.243292,0.288821,0.231164,0.337671,0,0,0,
0,-0.0453761,-0.0100905,-0.00407856,-0.0563821,-0.0760235,-0.00544918,-0.121613,0.110123,0.0568717,-0.245983,-0.0682509,0.0528942,0.03582,-0.114321,-0.0787669,-0.184814,-0.365176,0.311677,0.00127571,-0.000625165,0.0131211,0.329557,0.325279,0.309637,0.358895,0.0274736,0.243633,0.289739,0.232126,0.337656,0,0,0,
0,-0.0434212,-0.0101248,-0.00414185,-0.0495003,-0.0709749,-0.00624124,-0.117535,0.107545,0.0476776,-0.24286,-0.0702671,0.0503529,0.0359403,-0.112344,-0.074515,-0.179555,-0.359832,0.305676,-0.00284507,-0.00107008,0.013953,0.329821,0.32538,0.309672,0.358883,0.027445,0.24358,0.289719,0.232209,0.33752,0,0,0,
0,-0.0405619,-0.0101648,-0.00287453,-0.0324278,-0.0623946,-0.00908274,-0.108747,0.102601,0.0337708,-0.240639,-0.0717042,0.0434463,0.0342152,-0.108711,-0.0656378,-0.166448,-0.348881,0.298101,-0.0131366,-0.00574302,0.0155742,0.330119,0.325346,0.309662,0.358565,0.0279462,0.243329,0.289616,0.232281,0.337342,0,0,0,
0,-0.0379755,-0.00975834,-0.000720446,-0.0210689,-0.055617,-0.0112307,-0.101172,0.098337,0.0285166,-0.241304,-0.0731682,0.0375151,0.0322313,-0.106408,-0.0552108,-0.142728,-0.337997,0.286976,-0.0195484,-0.0146829,0.0170521,0.33004,0.325059,0.309439,0.358116,0.0286878,0.243412,0.289591,0.232041,0.33677,0,0,0,
0,-0.0364604,-0.00841376,0.000612152,-0.016179,-0.0524492,-0.0120768,-0.0981043,0.096029,0.0267918,-0.242544,-0.0734666,0.0344223,0.0314684,-0.105563,-0.0489759,-0.125891,-0.330579,0.276636,-0.0232573,-0.0186958,0.0173073,0.329926,0.324979,0.30939,0.35797,0.0292517,0.243631,0.289769,0.23215,0.336579,0,0,0,
0,-0.0321658,-0.00633331,0.0034977,-0.0127045,-0.0478593,-0.0133168,-0.0938782,0.0916741,0.0289143,-0.24768,-0.0738794,0.0292305,0.0285657,-0.100393,-0.0435719,-0.0984613,-0.321551,0.251375,-0.0311566,-0.0200786,0.0178782,0.329274,0.324866,0.309223,0.357711,0.0297626,0.244024,0.290123,0.232386,0.336408,0,0,0,
0,-0.0271666,-0.00572095,0.00508418,-0.0127955,-0.0480884,-0.010157,-0.0939744,0.0897076,0.0352484,-0.253596,-0.076648,0.029145,0.0255808,-0.0951226,-0.0430077,-0.0862418,-0.319703,0.236741,-0.0354999,-0.0189692,0.018322,0.328298,0.324743,0.308723,0.357108,0.029774,0.243994,0.290276,0.232463,0.336442,0,0,0,
0,-0.025961,-0.00624652,0.00567707,-0.0129573,-0.0481941,-0.00857026,-0.0944551,0.0894097,0.0389453,-0.255568,-0.078781,0.0301723,0.0241954,-0.0927963,-0.0425624,-0.0832614,-0.319492,0.233285,-0.0364876,-0.0179271,0.0183586,0.32779,0.324687,0.308382,0.356777,0.0298253,0.243949,0.290341,0.232357,0.336333,0,0,0,
0,-0.0241326,-0.00692731,0.00657777,-0.0122385,-0.0494741,-0.00603044,-0.0949555,0.088671,0.0466436,-0.258307,-0.0860092,0.0329533,0.0211514,-0.0902883,-0.0413568,-0.0794836,-0.318865,0.228608,-0.0364069,-0.0168035,0.0183178,0.327373,0.324654,0.308141,0.356587,0.0297729,0.243832,0.290684,0.232529,0.336248,0,0,0,
0,-0.0236429,-0.00691265,0.00789034,-0.0113449,-0.0518996,-0.00395036,-0.0954958,0.0875161,0.0533944,-0.258625,-0.0947199,0.0370424,0.0191447,-0.0891681,-0.0394988,-0.0779921,-0.315757,0.2247,-0.0347223,-0.0170162,0.0189573,0.327198,0.324374,0.307793,0.356276,0.0297043,0.243737,0.291177,0.232864,0.3362,0,0,0,
0,-0.0232362,-0.00688002,0.0083089,-0.0112553,-0.053445,-0.00277159,-0.0961349,0.0864257,0.0551968,-0.25738,-0.0977586,0.0383617,0.0190874,-0.0890031,-0.0383489,-0.0768821,-0.313484,0.222506,-0.0344698,-0.0170614,0.0194251,0.327052,0.324291,0.307682,0.356131,0.0298083,0.2437,0.291318,0.232886,0.336097,0,0,0,
0,-0.0227439,-0.00862907,0.00869684,-0.00979992,-0.0504245,-0.000569638,-0.0958436,0.0840366,0.0567058,-0.253307,-0.10075,0.0393662,0.019804,-0.0870825,-0.0362748,-0.0758825,-0.308854,0.218267,-0.0352511,-0.0167171,0.0199689,0.326901,0.324145,0.307415,0.355936,0.0298184,0.243511,0.291414,0.232926,0.335964,0,0,0,
0,-0.0240519,-0.0100695,0.00897198,-0.00475365,-0.0372987,-0.00353448,-0.0950344,0.0831693,0.0577939,-0.251795,-0.102117,0.0365911,0.0192952,-0.0854424,-0.0355535,-0.0748351,-0.308842,0.216192,-0.0386468,-0.0157879,0.0200553,0.326531,0.323906,0.307089,0.355525,0.0301681,0.243301,0.291359,0.232703,0.335775,0,0,0,
0,-0.0238419,-0.0101703,0.00885509,-0.00421737,-0.0328733,-0.00433811,-0.0948668,0.0828708,0.0588802,-0.253041,-0.103378,0.0350625,0.0187618,-0.0856035,-0.0362206,-0.0753753,-0.310305,0.21625,-0.0392122,-0.0153671,0.0198026,0.326278,0.323764,0.306996,0.355445,0.0301392,0.243308,0.29133,0.232856,0.335764,0,0,0,
0,-0.0236639,-0.0100314,0.00888369,-0.00513187,-0.0240548,-0.0046681,-0.0935245,0.0829114,0.0600403,-0.256495,-0.107186,0.0343948,0.0186744,-0.0849729,-0.0382107,-0.0783857,-0.312784,0.217105,-0.0380468,-0.0142524,0.019326,0.3259,0.323502,0.306828,0.355338,0.029918,0.243186,0.291303,0.233027,0.335839,0,0,0,
0,-0.0229655,-0.00866518,0.00832634,-0.00748442,-0.0226459,-0.00433305,-0.0944502,0.0829714,0.0601744,-0.258639,-0.108049,0.0347005,0.0184547,-0.0859349,-0.0393011,-0.0798771,-0.314491,0.218216,-0.0372285,-0.013781,0.0192612,0.325893,0.323338,0.306682,0.355129,0.0297522,0.243077,0.291277,0.233108,0.335815,0,0,0,
0,-0.0220392,-0.00635468,0.00723868,-0.0114145,-0.0220289,-0.00319002,-0.0950791,0.0829924,0.0595188,-0.260485,-0.1084,0.0371375,0.0191782,-0.0862475,-0.0405443,-0.0836029,-0.31646,0.223113,-0.0368968,-0.0131958,0.0189653,0.32587,0.323053,0.306501,0.354805,0.0298528,0.242815,0.291124,0.233204,0.335826,0,0,0,
0,-0.0212798,-0.00455685,0.00587668,-0.0140448,-0.0238408,-0.00326095,-0.0944271,0.0836392,0.0570193,-0.259811,-0.107744,0.0375861,0.0206727,-0.0875182,-0.0410343,-0.0853772,-0.31831,0.227537,-0.0364329,-0.0128013,0.0192248,0.325918,0.322879,0.306452,0.354601,0.0299413,0.242751,0.290972,0.233143,0.335807,0,0,0,
0,-0.0210387,-0.00432263,0.00540342,-0.0139574,-0.0239199,-0.00386546,-0.0937245,0.0840647,0.0560788,-0.259222,-0.107233,0.037605,0.020948,-0.0875628,-0.0409468,-0.0858193,-0.318528,0.228386,-0.0359868,-0.0126288,0.0192636,0.326042,0.322793,0.306497,0.354593,0.0299877,0.242634,0.290919,0.233025,0.335762,0,0,0,
0,-0.0204714,-0.00538362,0.00452213,-0.0146982,-0.0221427,-0.00499902,-0.0918155,0.084388,0.0536505,-0.257517,-0.105667,0.0359768,0.0214511,-0.0866254,-0.0407307,-0.0867051,-0.318426,0.230022,-0.0354284,-0.0133454,0.0194453,0.326099,0.322706,0.306377,0.354638,0.0301011,0.242557,0.290887,0.232806,0.335793,0,0,0,
0,-0.020249,-0.00587787,0.00368341,-0.0156018,-0.0215849,-0.00468074,-0.0899439,0.0848308,0.0514981,-0.258102,-0.105114,0.0333573,0.0206976,-0.0854282,-0.0409176,-0.0867604,-0.31832,0.230567,-0.0350421,-0.0131157,0.0196781,0.325922,0.322785,0.306252,0.354542,0.0299855,0.242508,0.290769,0.232501,0.335676,0,0,0,
0,-0.0209172,-0.00642202,0.00375327,-0.015817,-0.0210233,-0.00493738,-0.0884117,0.0851165,0.0518792,-0.258366,-0.105132,0.033076,0.0197887,-0.0836691,-0.0410248,-0.0872065,-0.317883,0.231037,-0.0345732,-0.0129968,0.0197712,0.325829,0.322666,0.306105,0.354389,0.0299319,0.242402,0.290668,0.232365,0.335559,0,0,0,
0,-0.022623,-0.00584326,0.00407195,-0.0154939,-0.0194965,-0.00597916,-0.0852488,0.0849767,0.0538578,-0.259165,-0.107232,0.0326419,0.0187564,-0.0805078,-0.0404557,-0.0878727,-0.317251,0.23148,-0.0337001,-0.0123205,0.0197983,0.325588,0.322424,0.305822,0.354156,0.030037,0.242065,0.290461,0.232195,0.335313,0,0,0,
0,-0.0241568,-0.00503851,0.00476771,-0.0158473,-0.0159598,-0.00688103,-0.083533,0.0842035,0.0558596,-0.259317,-0.109976,0.0331928,0.017745,-0.0782706,-0.0396044,-0.0880267,-0.315877,0.233004,-0.0331342,-0.0116248,0.0195072,0.325247,0.322039,0.305363,0.353713,0.0303454,0.241834,0.290536,0.232212,0.334969,0,0,0,
0,-0.0246712,-0.00399291,0.00486158,-0.0160942,-0.0142091,-0.00674889,-0.0832798,0.0838057,0.0557734,-0.259612,-0.110686,0.0328269,0.0173153,-0.0776699,-0.0392198,-0.0882343,-0.315871,0.232871,-0.0332051,-0.010769,0.0194149,0.325095,0.321899,0.30523,0.353496,0.0303989,0.241795,0.290516,0.232155,0.334792,0,0,0,
0,-0.025641,-0.000838326,0.00468355,-0.0160323,-0.0126577,-0.00545801,-0.0832422,0.0833596,0.0560473,-0.260567,-0.115235,0.0334008,0.0172525,-0.0771602,-0.0386212,-0.0885314,-0.316764,0.233226,-0.0340539,-0.0102403,0.0189064,0.324826,0.321703,0.305089,0.353479,0.0303483,0.241672,0.290436,0.232232,0.334688,0,0,0,
0,-0.0261496,0.000839897,0.00448666,-0.0159305,-0.0092561,-0.00515478,-0.0811855,0.0826975,0.0513196,-0.260472,-0.11733,0.0344622,0.0169936,-0.0755585,-0.0387193,-0.0888206,-0.317107,0.234985,-0.0336872,-0.010892,0.018921,0.324658,0.321583,0.304952,0.353304,0.0303589,0.241625,0.290346,0.232448,0.334704,0,0,0,
0,-0.0260715,0.00150179,0.00440303,-0.0152934,-0.00692177,-0.00526786,-0.0797543,0.0825712,0.0496395,-0.260487,-0.115839,0.0349153,0.0163127,-0.0742884,-0.0387558,-0.0881908,-0.317279,0.23617,-0.0335602,-0.0110298,0.0188429,0.324691,0.321536,0.304861,0.353193,0.0304496,0.241524,0.290333,0.232558,0.334748,0,0,0,
0,-0.0254577,0.00174776,0.00441887,-0.0143719,-0.0029366,-0.00627061,-0.0785334,0.0826358,0.0492544,-0.260282,-0.116359,0.0354712,0.0170212,-0.0726372,-0.0388936,-0.087641,-0.318023,0.238249,-0.0323455,-0.0102182,0.0189964,0.324641,0.321527,0.304891,0.353172,0.0306849,0.241419,0.290272,0.232645,0.334588,0,0,0,
0,-0.0252256,0.00226115,0.00443461,-0.0126482,-0.00203632,-0.00753398,-0.0790045,0.0826884,0.0483885,-0.260118,-0.116589,0.0353142,0.0170117,-0.072488,-0.038564,-0.0877243,-0.318299,0.238802,-0.031783,-0.0101092,0.0190732,0.324633,0.321547,0.304852,0.353158,0.030631,0.241376,0.290347,0.232712,0.334609,0,0,0,
0,-0.0241474,0.00391606,0.00357481,-0.0107904,-0.00419694,-0.00942416,-0.0812481,0.0819476,0.0471872,-0.261459,-0.116105,0.0336258,0.016093,-0.0731151,-0.0379792,-0.0872585,-0.319941,0.239468,-0.0323643,-0.00970737,0.0187902,0.324373,0.321284,0.304667,0.352994,0.0304538,0.241327,0.290418,0.232466,0.334519,0,0,0,
0,-0.02396,0.00748498,0.0022338,-0.010642,-0.0082488,-0.00995643,-0.0846954,0.0820902,0.0463103,-0.263794,-0.116229,0.0341507,0.0158732,-0.0753544,-0.0374438,-0.0879438,-0.322569,0.241753,-0.0319346,-0.00953459,0.0183516,0.324179,0.321156,0.30448,0.353018,0.030257,0.24112,0.290328,0.232237,0.334314,0,0,0,
0,-0.0237341,0.0096818,0.00159365,-0.0114663,-0.0100843,-0.0101717,-0.0866229,0.0817993,0.045777,-0.264419,-0.115246,0.034881,0.0155263,-0.0769262,-0.0371602,-0.0876892,-0.323342,0.24286,-0.0305516,-0.0100287,0.018039,0.324135,0.321029,0.304265,0.353018,0.030088,0.241041,0.290368,0.232126,0.334254,0,0,0,
0,-0.0229127,0.0129217,0.00101062,-0.0133145,-0.0102607,-0.0107885,-0.0888297,0.0806122,0.0437551,-0.264666,-0.112853,0.0354166,0.0160279,-0.0784058,-0.0365078,-0.0874118,-0.322957,0.244022,-0.0295829,-0.0102616,0.0175222,0.323877,0.320743,0.303986,0.353019,0.0300466,0.240855,0.290336,0.231834,0.334036,0,0,0,
0,-0.0227894,0.0149741,0.000883004,-0.013886,-0.010091,-0.0111887,-0.0900502,0.0802606,0.0412961,-0.264943,-0.111225,0.0354921,0.0166322,-0.0788365,-0.036147,-0.0874357,-0.322803,0.244324,-0.0301318,-0.0101721,0.0175751,0.32385,0.320757,0.303881,0.352969,0.0304135,0.240663,0.290406,0.231712,0.333913,0,0,0,
0,-0.0228018,0.0151397,0.000864462,-0.0136598,-0.0100023,-0.0112266,-0.0903088,0.0803565,0.0407865,-0.264735,-0.110317,0.0358932,0.0163889,-0.0784878,-0.0362841,-0.087361,-0.322807,0.24426,-0.0306129,-0.00985224,0.0175571,0.323939,0.320803,0.303892,0.352926,0.0304644,0.240524,0.290549,0.231735,0.33397,0,0,0,
0,-0.023231,0.0155034,0.00101976,-0.0124992,-0.0112561,-0.0108384,-0.0900725,0.0803658,0.0409173,-0.264407,-0.109245,0.0368512,0.015102,-0.0780623,-0.0361987,-0.0865874,-0.323203,0.243311,-0.0312611,-0.00927573,0.0173367,0.32391,0.320632,0.30369,0.352769,0.0301969,0.240255,0.290604,0.231771,0.333895,0,0,0,
