0,-0.00833107,-0.0739061,0.00420989,0.0369168,-0.195642,0.0113497,-0.0478712,-0.0349183,-0.302195,-0.154458,0.306085,0.107935,0.0696575,-0.074833,-0.0476735,-0.215659,-0.127684,0.184521,-0.0261722,-0.0304734,-0.0330906,0.364857,0.321783,0.321673,0.406175,0.0541257,0.293647,0.347338,0.320301,0.404223,0,0,0,
0,-0.00890093,-0.0739901,0.00435228,0.037315,-0.196595,0.0117458,-0.0474419,-0.0352819,-0.303151,-0.154821,0.306672,0.107859,0.0699203,-0.0747907,-0.0473803,-0.216485,-0.128312,0.185574,-0.0258019,-0.029684,-0.0330503,0.364872,0.321879,0.32174,0.406237,0.0540135,0.293644,0.347321,0.320103,0.404181,0,0,0,
0,-0.0089361,-0.0739594,0.0044279,0.0371926,-0.196891,0.0117676,-0.0474595,-0.0353457,-0.302935,-0.155024,0.306914,0.10796,0.0699267,-0.0748598,-0.0472416,-0.21723,-0.128457,0.186578,-0.0256075,-0.0295018,-0.0330957,0.36487,0.321866,0.321792,0.406223,0.0539421,0.293485,0.347237,0.320001,0.404072,0,0,0,
0,-0.00920616,-0.0740102,0.00441924,0.0373112,-0.197078,0.0119574,-0.0474998,-0.0354195,-0.302928,-0.155239,0.30668,0.108302,0.0700721,-0.0748619,-0.0470512,-0.220267,-0.128627,0.188999,-0.0250048,-0.0298079,-0.0331914,0.364863,0.321823,0.321839,0.406183,0.0540587,0.29351,0.347269,0.320051,0.403948,0,0,0,
0,-0.00977996,-0.0740186,0.00445637,0.037466,-0.196323,0.0114417,-0.0473191,-0.0356783,-0.303314,-0.155409,0.306907,0.10849,0.0698933,-0.0748705,-0.0468529,-0.220332,-0.128371,0.189822,-0.0245392,-0.0307233,-0.0332294,0.364893,0.32181,0.321816,0.4061,0.0539935,0.293572,0.347321,0.320098,0.403888,0,0,0,
0,-0.00972196,-0.0739727,0.00445159,0.0374908,-0.195599,0.0108969,-0.0472601,-0.035816,-0.30393,-0.155523,0.307176,0.108625,0.0698261,-0.0748997,-0.0466722,-0.219152,-0.128084,0.188956,-0.024384,-0.0313157,-0.0333149,0.3649,0.321783,0.32181,0.406095,0.0541082,0.293621,0.347298,0.320084,0.403849,0,0,0,
0,-0.00944017,-0.0738648,0.00438697,0.0376919,-0.193363,0.0097226,-0.0470948,-0.0362724,-0.303971,-0.155554,0.307904,0.108656,0.0695044,-0.0749731,-0.0466462,-0.215478,-0.127115,0.185944,-0.0246813,-0.0325561,-0.0333184,0.364937,0.3217,0.32176,0.406069,0.054203,0.293579,0.347229,0.319958,0.403897,0,0,0,
0,-0.00925348,-0.0736519,0.00408335,0.0381178,-0.188821,0.0089495,-0.0471454,-0.0365172,-0.303545,-0.155679,0.3084,0.108553,0.0695988,-0.0750849,-0.0464816,-0.212675,-0.126542,0.182429,-0.0259307,-0.0329584,-0.0333621,0.365039,0.321623,0.321689,0.406044,0.054346,0.293646,0.347114,0.319861,0.403898,0,0,0,
0,-0.00892276,-0.0736389,0.00383258,0.0378873,-0.185325,0.00814683,-0.0471651,-0.0364598,-0.303016,-0.155712,0.308347,0.108587,0.0696825,-0.0751191,-0.0465167,-0.211377,-0.126549,0.181287,-0.0265636,-0.0328583,-0.0333684,0.365052,0.321584,0.321661,0.406054,0.0542904,0.293638,0.347122,0.319785,0.403897,0,0,0,
0,-0.00857382,-0.0734189,0.0034429,0.0378848,-0.178985,0.0063611,-0.0473311,-0.036327,-0.301542,-0.155829,0.307196,0.108621,0.0697369,-0.0752708,-0.0464283,-0.20899,-0.127535,0.178782,-0.0274288,-0.0321209,-0.0333748,0.365036,0.321556,0.321588,0.406028,0.0542374,0.293534,0.347059,0.319608,0.403844,0,0,0,
0,-0.0085084,-0.0731617,0.00320016,0.0377091,-0.176335,0.00560261,-0.0476193,-0.0361448,-0.300729,-0.15595,0.306454,0.10859,0.06964,-0.0758603,-0.0469632,-0.209598,-0.128162,0.178456,-0.02717,-0.0319055,-0.0333806,0.365018,0.321535,0.321582,0.406013,0.0540851,0.293513,0.347018,0.319583,0.403748,0,0,0,
0,-0.00849138,-0.0729346,0.00292237,0.0369317,-0.170624,0.0044392,-0.047975,-0.0361339,-0.301065,-0.156116,0.305534,0.108544,0.0695387,-0.0762778,-0.0483248,-0.212277,-0.128808,0.179855,-0.0274707,-0.0313808,-0.0334873,0.364907,0.321465,0.321512,0.40593,0.0540269,0.293247,0.346838,0.319421,0.403644,0,0,0,
0,-0.00855488,-0.0726953,0.00277428,0.0356367,-0.1646,0.00318334,-0.0485653,-0.0363583,-0.301905,-0.156402,0.305785,0.108627,0.0694334,-0.077205,-0.0497483,-0.21197,-0.129604,0.180543,-0.0278541,-0.0319683,-0.0336577,0.364882,0.321459,0.321509,0.405883,0.0539807,0.29318,0.34685,0.31937,0.403697,0,0,0,
0,-0.00867165,-0.073013,0.00267503,0.0347707,-0.161124,0.00229172,-0.0486833,-0.0363787,-0.3028,-0.156331,0.306182,0.108722,0.069422,-0.0774098,-0.0503568,-0.210796,-0.129827,0.180408,-0.0279952,-0.0321684,-0.033669,0.364916,0.321482,0.321843,0.406109,0.0539595,0.293069,0.346875,0.319374,0.403706,0,0,0,
0,-0.0083614,-0.0736369,0.00246283,0.0318464,-0.154292,0.000157236,-0.0493223,-0.0366948,-0.303686,-0.156208,0.307179,0.10919,0.0691447,-0.0777174,-0.0517672,-0.208216,-0.130986,0.180538,-0.0292637,-0.0327444,-0.0337337,0.364822,0.321515,0.323415,0.407896,0.0539918,0.29285,0.34673,0.319269,0.40378,0,0,0,
0,-0.00789217,-0.0749974,0.00193235,0.0257539,-0.145749,-0.00279336,-0.0493105,-0.0367227,-0.304222,-0.155968,0.308178,0.110289,0.0687295,-0.0779729,-0.052976,-0.201815,-0.132804,0.180145,-0.0306279,-0.0336975,-0.0339956,0.364594,0.32123,0.324273,0.408613,0.0545148,0.292808,0.346708,0.319357,0.40382,0,0,0,
0,-0.00808572,-0.0761599,0.00169532,0.0208456,-0.138714,-0.00618092,-0.0486809,-0.0369719,-0.305696,-0.155783,0.309503,0.11058,0.0685669,-0.0777924,-0.0533839,-0.197638,-0.133738,0.178924,-0.0307668,-0.0335632,-0.0341818,0.36447,0.321036,0.324315,0.408697,0.0546762,0.292762,0.346735,0.319364,0.40386,0,0,0,
0,-0.00936238,-0.0787394,0.00131334,0.0128181,-0.122097,-0.0150022,-0.0473297,-0.0371066,-0.308671,-0.156298,0.312404,0.110373,0.0689168,-0.0774521,-0.0540752,-0.197733,-0.134794,0.177996,-0.0295411,-0.0321391,-0.0341725,0.364187,0.321058,0.32442,0.408778,0.0546033,0.292798,0.346743,0.319447,0.403992,0,0,0,
0,-0.00933343,-0.0808872,0.000716642,-0.00631747,-0.0939389,-0.0333391,-0.0466169,-0.0371955,-0.308456,-0.157331,0.314414,0.110238,0.0690789,-0.0774824,-0.0540959,-0.199605,-0.135027,0.180191,-0.0281177,-0.0309023,-0.0342356,0.363965,0.321213,0.324591,0.408715,0.0545748,0.292804,0.346757,0.319462,0.40402,0,0,0,
0,-0.00932656,-0.0816559,0.000473742,-0.0167578,-0.0810915,-0.0423399,-0.0468572,-0.0371677,-0.308262,-0.157775,0.314972,0.110845,0.0690043,-0.0773606,-0.0538819,-0.201185,-0.134952,0.181328,-0.0276224,-0.0307053,-0.0344131,0.363997,0.321462,0.325198,0.408831,0.054512,0.292843,0.346751,0.319493,0.404011,0,0,0,
0,-0.0089987,-0.0828022,-0.00018916,-0.0338366,-0.0597142,-0.0562128,-0.0469632,-0.0370961,-0.308051,-0.157735,0.315688,0.112821,0.0693371,-0.0770636,-0.0538926,-0.205022,-0.134539,0.184853,-0.0272574,-0.0324195,-0.0348955,0.364325,0.321988,0.326758,0.409863,0.0544672,0.293029,0.345939,0.319519,0.404276,0,0,0,
0,-0.00860286,-0.0833024,-0.00118246,-0.0457821,-0.0438974,-0.0633882,-0.0467561,-0.0368549,-0.310089,-0.157143,0.316477,0.114975,0.0695148,-0.076806,-0.0538147,-0.203524,-0.13426,0.18729,-0.0319885,-0.0428471,-0.0354547,0.364627,0.322046,0.327659,0.410567,0.055662,0.29298,0.344771,0.321347,0.405666,0,0,0,
0,-0.00830543,-0.0834512,-0.00172963,-0.0499239,-0.0391896,-0.0642565,-0.0464076,-0.0368358,-0.310099,-0.156456,0.316921,0.115699,0.0698894,-0.076708,-0.0539551,-0.19273,-0.134147,0.186581,-0.0382639,-0.0500103,-0.0358653,0.364066,0.322012,0.32798,0.410814,0.0576202,0.293571,0.345601,0.323524,0.406834,0,0,0,
0,-0.00775655,-0.0831493,-0.00314132,-0.0570721,-0.0332769,-0.0622613,-0.0461456,-0.0370232,-0.311095,-0.156049,0.318795,0.117808,0.072164,-0.0760908,-0.0542467,-0.151889,-0.140454,0.178099,-0.0623875,-0.0683532,-0.0378195,0.361055,0.322225,0.328482,0.411342,0.0618377,0.293474,0.344465,0.328523,0.412233,0,0,0,
0,-0.00799956,-0.0829559,-0.00392887,-0.0604662,-0.0309272,-0.0600165,-0.0462367,-0.0370272,-0.31178,-0.156093,0.319901,0.119768,0.0739943,-0.0757,-0.0545002,-0.128563,-0.147081,0.178737,-0.0814303,-0.0796962,-0.0395289,0.359884,0.322516,0.328808,0.411736,0.0667612,0.29386,0.345248,0.331804,0.417259,0,0,0,
0,-0.00787055,-0.0824912,-0.00586146,-0.0707939,-0.0234498,-0.0533417,-0.048004,-0.0372474,-0.312028,-0.155549,0.323604,0.124349,0.0777506,-0.0754352,-0.0575713,-0.055814,-0.175644,0.171965,-0.115199,-0.0945367,-0.042758,0.357949,0.323261,0.329609,0.412488,0.0745695,0.295872,0.345776,0.337755,0.437999,0,0,0,
0,-0.00805449,-0.0831039,-0.00817363,-0.0828491,-0.0129707,-0.0478713,-0.0486299,-0.0376134,-0.316216,-0.154802,0.329871,0.127675,0.0796104,-0.0769275,-0.0646237,0.0197559,-0.22887,0.177196,-0.141971,-0.0996308,-0.0449514,0.356798,0.323689,0.330906,0.413078,0.084626,0.300532,0.351076,0.358552,0.485403,0,0,0,
0,-0.00892839,-0.0833005,-0.00896088,-0.0909376,-0.00490097,-0.0474744,-0.0489515,-0.0375385,-0.317725,-0.154421,0.333107,0.128858,0.0799771,-0.0784457,-0.0718641,0.0428907,-0.258863,0.185328,-0.149763,-0.0956644,-0.0457088,0.356256,0.323858,0.331828,0.41337,0.0854045,0.302017,0.357628,0.390787,0.520928,0,0,0,
0,-0.0124131,-0.0846278,-0.0104525,-0.104961,0.0141062,-0.051055,-0.0482101,-0.0361658,-0.32193,-0.1539,0.338795,0.131237,0.0806236,-0.0817523,-0.090564,0.0450375,-0.33182,0.23629,-0.157132,-0.0810643,-0.0468711,0.355437,0.323975,0.333456,0.414001,0.0943068,0.307606,0.382939,0.46099,0.608397,0,0,0,
0,-0.0152369,-0.0856053,-0.0105883,-0.117442,0.031464,-0.0595495,-0.0470436,-0.0353167,-0.32367,-0.154083,0.343476,0.132822,0.0810356,-0.0845231,-0.123536,-0.0066929,-0.432215,0.351999,-0.149974,-0.0564988,-0.0477141,0.35454,0.324112,0.334585,0.414543,0.093239,0.32023,0.420698,0.521139,0.693707,0,0,0,
0,-0.0160602,-0.0861577,-0.0111207,-0.12321,0.0398966,-0.0646368,-0.0457871,-0.0338642,-0.324119,-0.154614,0.344935,0.133318,0.0816333,-0.0870354,-0.152332,-0.0408221,-0.481149,0.438412,-0.148934,-0.0277809,-0.0478262,0.354302,0.324238,0.335139,0.414845,0.0931971,0.322558,0.431397,0.549429,0.720384,0,0,0,
0,-0.0204211,-0.087978,-0.0120099,-0.129889,0.0533141,-0.0737236,-0.0461455,-0.0313939,-0.333273,-0.154311,0.351413,0.136136,0.0819652,-0.0941437,-0.202781,-0.154395,-0.625938,0.6548,-0.125429,0.00221581,-0.048299,0.353965,0.324499,0.335803,0.415037,0.0906876,0.31771,0.464897,0.598653,0.775311,0,0,0,
0,-0.0225834,-0.0891497,-0.0128541,-0.136061,0.0630949,-0.0817362,-0.0457614,-0.0302074,-0.341633,-0.153613,0.359651,0.136764,0.0812736,-0.103784,-0.240774,-0.200699,-0.759477,0.861006,-0.104649,0.0523488,-0.0488736,0.353312,0.324738,0.33618,0.415185,0.0769362,0.303065,0.480908,0.62673,0.808378,0,0,0,
0,-0.0223487,-0.0897606,-0.0133772,-0.138961,0.0681444,-0.0848933,-0.0449158,-0.0296699,-0.343841,-0.153526,0.362512,0.136239,0.0811083,-0.109637,-0.25911,-0.211835,-0.838147,0.959636,-0.0870685,0.0744401,-0.0490187,0.352961,0.32482,0.3364,0.415382,0.07435,0.289941,0.490004,0.636297,0.812146,0,0,0,
0,-0.0214542,-0.0914046,-0.014235,-0.14728,0.0797911,-0.0912215,-0.0433253,-0.0296935,-0.341895,-0.154036,0.363757,0.135049,0.0807539,-0.120661,-0.287296,-0.223209,-0.978631,1.10846,-0.054843,0.0979224,-0.0495132,0.352521,0.325247,0.336668,0.415954,0.0569004,0.28274,0.505848,0.651975,0.81589,0,0,0,
0,-0.0208284,-0.0924358,-0.0153549,-0.156425,0.0928421,-0.0966032,-0.0419764,-0.0298799,-0.33663,-0.155299,0.359383,0.134375,0.0808862,-0.1284,-0.305994,-0.231766,-1.11616,1.19154,-0.026824,0.11392,-0.0499774,0.352751,0.325592,0.337306,0.416518,0.0474632,0.294482,0.528122,0.655122,0.806513,0,0,0,
0,-0.0212528,-0.0931283,-0.0154316,-0.160696,0.098125,-0.0988548,-0.0416006,-0.0297306,-0.332219,-0.15533,0.356367,0.135388,0.0805563,-0.133001,-0.314878,-0.237584,-1.17715,1.21301,-0.0116207,0.119288,-0.0499796,0.353016,0.325746,0.337519,0.416568,0.040883,0.301352,0.543936,0.658513,0.808588,0,0,0,
0,-0.024571,-0.0943609,-0.0145743,-0.172159,0.110227,-0.10494,-0.0402355,-0.0299986,-0.330119,-0.154231,0.354162,0.138819,0.0805807,-0.150906,-0.335099,-0.256991,-1.28991,1.22851,0.0183853,0.140252,-0.0505347,0.353254,0.325707,0.337631,0.416699,0.0330759,0.328343,0.575048,0.677576,0.824873,0,0,0,
0,-0.0257928,-0.094651,-0.0138587,-0.182287,0.119054,-0.109299,-0.0394936,-0.0301026,-0.331403,-0.153459,0.35476,0.139733,0.081591,-0.162419,-0.343655,-0.271945,-1.34913,1.2245,0.0312405,0.145997,-0.0506239,0.35341,0.325649,0.337763,0.416786,0.032673,0.359659,0.59372,0.688101,0.827886,0,0,0,
0,-0.0272814,-0.0951429,-0.0123793,-0.202181,0.13728,-0.116539,-0.0374407,-0.0296002,-0.33668,-0.152549,0.358571,0.140586,0.0836059,-0.198161,-0.359149,-0.303921,-1.42652,1.20675,0.0518472,0.164208,-0.0508177,0.353693,0.325836,0.33815,0.417139,0.0340106,0.413015,0.633601,0.74066,0.866744,0,0,0,
0,-0.0261867,-0.0950672,-0.0112092,-0.217925,0.14954,-0.120876,-0.0367635,-0.0282839,-0.341337,-0.152642,0.362314,0.140922,0.0849887,-0.229971,-0.369624,-0.343841,-1.5031,1.19845,0.0611635,0.172587,-0.0508324,0.353956,0.32595,0.338597,0.417653,0.0349083,0.485494,0.699143,0.802772,0.92159,0,0,0,
0,-0.0246322,-0.0960393,-0.0110507,-0.229561,0.155555,-0.122451,-0.035879,-0.0275131,-0.344102,-0.152372,0.365372,0.14154,0.0852896,-0.247081,-0.373517,-0.360215,-1.5301,1.19974,0.0656878,0.177718,-0.0509116,0.353997,0.326099,0.338923,0.417969,0.0305009,0.547421,0.727265,0.833251,0.939166,0,0,0,
0,-0.0221382,-0.0985357,-0.0103952,-0.246957,0.164754,-0.124266,-0.0348427,-0.0260008,-0.348203,-0.151235,0.36885,0.142956,0.0855808,-0.276585,-0.374196,-0.389146,-1.57457,1.20708,0.0678525,0.16999,-0.051215,0.353993,0.326167,0.339421,0.418542,0.0270418,0.630516,0.793093,0.885773,0.966653,0,0,0,
0,-0.0213403,-0.100976,-0.00969706,-0.258701,0.17196,-0.12339,-0.033956,-0.0260077,-0.353635,-0.151116,0.371598,0.142799,0.0837502,-0.300369,-0.365795,-0.409333,-1.60928,1.22372,0.0649688,0.136527,-0.052769,0.35382,0.32619,0.339803,0.418839,0.0202739,0.72774,0.877126,0.926093,0.977191,0,0,0,
0,-0.0204522,-0.101882,-0.00921507,-0.263858,0.174825,-0.122806,-0.0337036,-0.0262334,-0.351475,-0.150671,0.372159,0.142401,0.0820151,-0.309238,-0.360427,-0.415559,-1.61878,1.22852,0.0653095,0.124902,-0.0534195,0.353805,0.326284,0.339997,0.418878,0.0166102,0.757657,0.903419,0.935805,0.980095,0,0,0,
0,-0.0191535,-0.102644,-0.00812658,-0.272276,0.178377,-0.12118,-0.0328727,-0.0271491,-0.339906,-0.149365,0.375433,0.144493,0.0789584,-0.325879,-0.341758,-0.423872,-1.62812,1.22959,0.0744646,0.119248,-0.0542969,0.353781,0.326396,0.340038,0.418775,0.00845979,0.812793,0.94306,0.968852,1.00032,0,0,0,
0,-0.0178353,-0.102391,-0.00677712,-0.279667,0.181155,-0.113517,-0.0325367,-0.0293836,-0.329585,-0.145816,0.368622,0.145182,0.0788635,-0.334191,-0.332415,-0.437388,-1.6454,1.21739,0.0943259,0.146417,-0.0546648,0.353695,0.326476,0.34029,0.418999,-0.00159845,0.83258,0.967389,0.985077,1.01099,0,0,0,
0,-0.0180572,-0.101968,-0.00634603,-0.280669,0.181233,-0.108826,-0.032202,-0.0299029,-0.327418,-0.145065,0.36572,0.145147,0.0796035,-0.337145,-0.330369,-0.447765,-1.65717,1.20455,0.10682,0.168923,-0.0545455,0.353766,0.326546,0.34043,0.419138,-0.015268,0.806483,0.965676,0.980728,1.0041,0,0,0,
0,-0.0190334,-0.101253,-0.00582368,-0.279887,0.17908,-0.0973555,-0.0326169,-0.0307716,-0.326033,-0.144286,0.361956,0.146584,0.0811606,-0.341461,-0.333579,-0.474666,-1.6858,1.16974,0.137684,0.23557,-0.0543855,0.353876,0.326608,0.340656,0.419412,-0.0422266,0.688172,0.905766,0.923392,0.971902,0,0,0,
0,-0.0197073,-0.0993332,-0.00550594,-0.276308,0.172757,-0.0828449,-0.0340178,-0.0316744,-0.331493,-0.144545,0.364617,0.147258,0.0827627,-0.344866,-0.340073,-0.50298,-1.71816,1.14582,0.159704,0.295063,-0.0543457,0.354121,0.3266,0.340805,0.419507,-0.0565846,0.558957,0.795867,0.845825,0.945564,0,0,0,
0,-0.0197116,-0.0987173,-0.00519294,-0.272578,0.168768,-0.0747855,-0.0346197,-0.0320709,-0.336669,-0.144875,0.368066,0.147257,0.083397,-0.345302,-0.342614,-0.518854,-1.73666,1.12109,0.165167,0.323923,-0.0541362,0.354264,0.32666,0.340943,0.419642,-0.0606616,0.505741,0.74847,0.825509,0.938155,0,0,0,
0,-0.0200203,-0.0971196,-0.00455884,-0.262988,0.160038,-0.0602096,-0.0362339,-0.0310314,-0.338903,-0.14521,0.371989,0.147069,0.0836119,-0.347842,-0.347788,-0.546293,-1.77479,1.06254,0.161694,0.358696,-0.053731,0.35451,0.326949,0.341322,0.419985,-0.04736,0.445036,0.697907,0.819488,0.942516,0,0,0,
0,-0.0201064,-0.0956353,-0.00424183,-0.257674,0.155236,-0.0539424,-0.0371288,-0.0304841,-0.339055,-0.145301,0.372591,0.146713,0.0829919,-0.351884,-0.351498,-0.558025,-1.79339,1.02818,0.156028,0.368617,-0.0536328,0.354591,0.32701,0.341412,0.42,-0.0423691,0.433932,0.694604,0.826188,0.95141,0,0,0,
0,-0.0198154,-0.0916634,-0.00421671,-0.248205,0.146547,-0.0415957,-0.039416,-0.0297389,-0.336935,-0.145501,0.371537,0.145735,0.0817408,-0.361543,-0.356912,-0.579317,-1.82673,0.981845,0.146311,0.360492,-0.0535921,0.354695,0.32717,0.341551,0.419993,-0.0271016,0.451102,0.744242,0.882899,0.973948,0,0,0,
0,-0.0200858,-0.0884743,-0.00426571,-0.240534,0.142095,-0.0313955,-0.0410235,-0.0299092,-0.335568,-0.145862,0.368971,0.14427,0.0807304,-0.369263,-0.35918,-0.595858,-1.84524,0.96214,0.136607,0.33008,-0.0535005,0.354693,0.327206,0.341604,0.419894,-0.00413422,0.55279,0.866785,0.955473,0.995666,0,0,0,
0,-0.0197033,-0.0869584,-0.00434326,-0.237828,0.140046,-0.0274429,-0.0422267,-0.0302401,-0.332403,-0.146124,0.36691,0.143329,0.0798592,-0.371007,-0.360121,-0.601038,-1.84889,0.961652,0.131043,0.312038,-0.0535656,0.354712,0.32731,0.341598,0.419883,0.0105394,0.614479,0.920386,0.986209,1.0098,0,0,0,
0,-0.0190357,-0.0836013,-0.00441634,-0.234294,0.13494,-0.0221848,-0.0448867,-0.0311644,-0.322964,-0.146715,0.358745,0.142038,0.0785856,-0.371008,-0.362277,-0.606474,-1.8499,0.965578,0.124971,0.291718,-0.0538758,0.354496,0.32723,0.341671,0.420051,0.0302138,0.725459,0.994512,1.03433,1.03059,0,0,0,
0,-0.0185941,-0.0814429,-0.00469572,-0.230716,0.130407,-0.0195368,-0.0466683,-0.0320249,-0.316928,-0.146512,0.350835,0.142792,0.078414,-0.368246,-0.364493,-0.606241,-1.84628,0.963078,0.120988,0.287977,-0.0538777,0.354453,0.32727,0.341693,0.420178,0.0374977,0.78895,1.04568,1.06812,1.04334,0,0,0,
0,-0.0182808,-0.0806456,-0.00484444,-0.228791,0.127269,-0.0185574,-0.0473551,-0.0323393,-0.316215,-0.146135,0.348816,0.143336,0.0786223,-0.367066,-0.365118,-0.605687,-1.84566,0.962204,0.119796,0.289256,-0.0538389,0.354529,0.327325,0.341791,0.420297,0.0369206,0.806451,1.06102,1.07904,1.04705,0,0,0,
0,-0.0181398,-0.0802267,-0.00502739,-0.225936,0.123483,-0.0164798,-0.0476473,-0.0325441,-0.316692,-0.144997,0.34775,0.14388,0.0789881,-0.364307,-0.364489,-0.604083,-1.84529,0.964061,0.119082,0.29306,-0.0538996,0.354531,0.327417,0.341893,0.420382,0.0285998,0.788408,1.0652,1.07785,1.04481,0,0,0,
0,-0.018041,-0.0800019,-0.00487551,-0.224807,0.122135,-0.0155329,-0.0473238,-0.0328596,-0.317489,-0.14475,0.348126,0.143657,0.0791577,-0.362704,-0.364049,-0.603042,-1.8453,0.968055,0.120441,0.296117,-0.0539651,0.35456,0.327462,0.34198,0.420419,0.0205941,0.743876,1.03037,1.04858,1.0312,0,0,0,
0,-0.018166,-0.0794037,-0.00477397,-0.224472,0.119436,-0.0142036,-0.0472189,-0.0330395,-0.318582,-0.14488,0.349351,0.14328,0.0793954,-0.360019,-0.363066,-0.597727,-1.84523,0.979393,0.128266,0.307826,-0.0541061,0.354414,0.327334,0.34186,0.420261,0.00295008,0.619385,0.922225,0.940564,0.971649,0,0,0,
0,-0.0171229,-0.079755,-0.0049171,-0.225822,0.118704,-0.0141524,-0.0470486,-0.0334831,-0.318975,-0.144803,0.351351,0.143164,0.079293,-0.358173,-0.362796,-0.592817,-1.84398,0.988009,0.141987,0.323451,-0.0541284,0.354418,0.327406,0.341871,0.420258,-0.00938097,0.501763,0.818378,0.865974,0.935828,0,0,0,
0,-0.01706,-0.0798859,-0.00485785,-0.22611,0.118552,-0.014159,-0.0470712,-0.033543,-0.318484,-0.144833,0.351576,0.142937,0.0793242,-0.357916,-0.362722,-0.592506,-1.84424,0.991758,0.150129,0.332436,-0.0542181,0.354387,0.327446,0.341857,0.420277,-0.0168969,0.464606,0.792613,0.853937,0.928323,0,0,0,
0,-0.0170548,-0.0799905,-0.00488624,-0.225952,0.11841,-0.0139453,-0.0471818,-0.0338646,-0.320633,-0.145005,0.352263,0.142315,0.0792843,-0.357265,-0.362391,-0.59211,-1.84532,1.00318,0.155821,0.340277,-0.0542373,0.354355,0.32766,0.3419,0.420315,-0.0202071,0.422114,0.780729,0.867366,0.93463,0,0,0,
0,-0.0174434,-0.0798183,-0.00567962,-0.224961,0.118338,-0.0122789,-0.0475196,-0.0333414,-0.319682,-0.145127,0.351787,0.14287,0.0794131,-0.357025,-0.360843,-0.59143,-1.84654,1.00945,0.151888,0.341415,-0.0542531,0.354542,0.327954,0.342274,0.420741,-0.014856,0.50724,0.85773,0.93556,0.959075,0,0,0,
0,-0.0173557,-0.0797229,-0.00629103,-0.22506,0.118402,-0.0116943,-0.0476203,-0.0329913,-0.319668,-0.145158,0.35167,0.143471,0.0792813,-0.356912,-0.360241,-0.589968,-1.84708,1.01039,0.148185,0.339977,-0.0543534,0.354644,0.328051,0.342317,0.420907,-0.0102684,0.581938,0.907298,0.969708,0.980284,0,0,0,
0,-0.0176743,-0.0797388,-0.00716843,-0.224152,0.118211,-0.010579,-0.0470682,-0.0328092,-0.320149,-0.144583,0.351109,0.144395,0.0794046,-0.357509,-0.359294,-0.587132,-1.84899,1.01259,0.143196,0.334089,-0.0544494,0.354883,0.328204,0.342503,0.421112,-0.00143094,0.71346,0.986119,1.0319,1.01438,0,0,0,
0,-0.0175579,-0.0790998,-0.00828145,-0.223765,0.116884,-0.00980173,-0.0463302,-0.0324973,-0.321008,-0.143654,0.352793,0.144436,0.0787892,-0.35784,-0.358553,-0.584606,-1.84996,1.01447,0.140361,0.332104,-0.0547031,0.354953,0.328147,0.342401,0.421086,0.0122308,0.79377,1.03209,1.06889,1.03426,0,0,0,
0,-0.0176351,-0.0786518,-0.00856956,-0.223409,0.116131,-0.0099425,-0.0459544,-0.0324432,-0.320976,-0.143442,0.352411,0.144099,0.0792797,-0.358038,-0.358478,-0.583413,-1.85048,1.01615,0.139481,0.331712,-0.0546929,0.355067,0.328214,0.342479,0.421239,0.0171216,0.813313,1.04489,1.07791,1.03844,0,0,0,
0,-0.0176085,-0.0776867,-0.00919685,-0.223081,0.114532,-0.0101913,-0.0460288,-0.0318829,-0.319265,-0.143343,0.351283,0.143497,0.0796036,-0.358506,-0.358101,-0.580754,-1.85085,1.02229,0.138018,0.327409,-0.0546825,0.35536,0.328295,0.34248,0.421158,0.0214712,0.787985,1.01917,1.04745,1.02087,0,0,0,
0,-0.0170506,-0.0771573,-0.00980574,-0.222954,0.114314,-0.00984843,-0.046508,-0.0311972,-0.319936,-0.143389,0.35142,0.143039,0.0799318,-0.358067,-0.357665,-0.577651,-1.85006,1.0274,0.140377,0.326731,-0.0545651,0.355756,0.328374,0.342503,0.421015,0.0137917,0.662428,0.91309,0.962171,0.969599,0,0,0,
0,-0.016452,-0.0771078,-0.00997073,-0.222988,0.114319,-0.0099461,-0.0467661,-0.0309978,-0.319482,-0.143256,0.351639,0.142849,0.0799272,-0.358023,-0.357663,-0.576402,-1.85011,1.02926,0.141564,0.327333,-0.0544937,0.355888,0.32835,0.342439,0.420873,0.0099832,0.596029,0.850492,0.89704,0.915749,0,0,0,
0,-0.0164562,-0.0769105,-0.00999049,-0.222728,0.11438,-0.00999087,-0.0471519,-0.0307177,-0.318691,-0.143183,0.351071,0.142292,0.0799877,-0.358498,-0.357332,-0.573735,-1.8511,1.03307,0.142991,0.327123,-0.0545203,0.35588,0.328335,0.342407,0.420673,0.00203154,0.473548,0.703557,0.78521,0.843647,0,0,0,
0,-0.0165356,-0.0768981,-0.00973155,-0.22265,0.114657,-0.0101617,-0.0473116,-0.0305465,-0.316933,-0.143651,0.34989,0.141257,0.0797977,-0.358813,-0.356372,-0.571303,-1.85115,1.03885,0.143704,0.324146,-0.0543117,0.355857,0.328455,0.342531,0.420601,-0.000687415,0.396603,0.617044,0.744868,0.816783,0,0,0,
0,-0.0169865,-0.0764531,-0.00958433,-0.222769,0.114224,-0.00993643,-0.0474076,-0.0306043,-0.315293,-0.144112,0.348663,0.141059,0.0796184,-0.358893,-0.356057,-0.569831,-1.85067,1.04217,0.142695,0.321942,-0.0541809,0.355848,0.328457,0.342541,0.420578,-0.000658854,0.383257,0.602068,0.741806,0.815878,0,0,0,
0,-0.0171731,-0.0763419,-0.00925826,-0.222137,0.11363,-0.00966722,-0.0470177,-0.030944,-0.315205,-0.144415,0.347592,0.141296,0.0793828,-0.358343,-0.356166,-0.567505,-1.84982,1.04814,0.139775,0.319264,-0.0539798,0.35591,0.32856,0.34266,0.420542,0.00330966,0.424856,0.645888,0.781532,0.840337,0,0,0,
0,-0.0175537,-0.0766884,-0.00890014,-0.221784,0.11259,-0.00941892,-0.0464,-0.0310573,-0.315653,-0.144283,0.347285,0.141672,0.0794386,-0.357651,-0.356016,-0.566736,-1.85043,1.05366,0.135624,0.317583,-0.0539337,0.355903,0.328578,0.342677,0.420478,0.0115417,0.514128,0.760218,0.858571,0.892723,0,0,0,
0,-0.0176819,-0.0767652,-0.00864276,-0.221914,0.111944,-0.00916684,-0.0462223,-0.0312348,-0.315619,-0.144368,0.34741,0.141683,0.0794807,-0.357473,-0.356122,-0.565689,-1.85068,1.05689,0.13334,0.314869,-0.0538621,0.355979,0.328619,0.342687,0.420547,0.0155794,0.58178,0.817495,0.897943,0.921327,0,0,0,
0,-0.0176869,-0.076771,-0.00852888,-0.22253,0.11065,-0.00837647,-0.0460879,-0.0314075,-0.315503,-0.144691,0.347756,0.141719,0.0796785,-0.357317,-0.356094,-0.563123,-1.85082,1.05998,0.128687,0.30899,-0.0537792,0.356019,0.328661,0.342671,0.420618,0.0219786,0.691307,0.92042,0.987217,0.9766,0,0,0,
0,-0.017677,-0.0766843,-0.00849183,-0.222793,0.110252,-0.00799084,-0.0460291,-0.0315435,-0.314691,-0.144672,0.347553,0.141748,0.0797146,-0.357015,-0.35608,-0.56137,-1.85099,1.06069,0.126368,0.305961,-0.0537973,0.356027,0.328661,0.34262,0.420631,0.0244187,0.733688,0.952494,1.01577,0.998041,0,0,0,
0,-0.0175659,-0.0764648,-0.00849288,-0.222581,0.109908,-0.00751466,-0.0460965,-0.0318255,-0.313943,-0.144775,0.3471,0.141855,0.0799859,-0.357265,-0.356137,-0.557371,-1.85118,1.06753,0.124677,0.301421,-0.05374,0.356123,0.328712,0.342659,0.420654,0.026163,0.76636,0.985815,1.04117,1.01504,0,0,0,
0,-0.0170679,-0.0764195,-0.00844454,-0.222856,0.109579,-0.00759212,-0.0462348,-0.0320982,-0.314186,-0.144852,0.347114,0.142028,0.0800702,-0.356983,-0.355962,-0.553629,-1.85029,1.07064,0.128516,0.301982,-0.0537041,0.356115,0.328762,0.342659,0.420665,0.0232582,0.689708,0.920492,0.993562,0.993796,0,0,0,
0,-0.0167872,-0.0761646,-0.00845549,-0.222885,0.109209,-0.00754209,-0.0466146,-0.0320806,-0.31464,-0.145014,0.347161,0.142105,0.080068,-0.357261,-0.356347,-0.55209,-1.85049,1.07255,0.131318,0.302871,-0.0537528,0.356145,0.328795,0.342678,0.420688,0.0213097,0.62002,0.868647,0.950469,0.980463,0,0,0,
0,-0.0169492,-0.0754858,-0.00788227,-0.222356,0.108717,-0.0078944,-0.047051,-0.0325161,-0.31442,-0.144983,0.345963,0.142327,0.0800431,-0.35811,-0.356448,-0.55179,-1.85106,1.07339,0.135034,0.305083,-0.0539831,0.356073,0.32882,0.342698,0.420668,0.0174584,0.520557,0.765294,0.882563,0.954576,0,0,0,
0,-0.0171065,-0.0748187,-0.00740582,-0.221802,0.10866,-0.00781594,-0.0474676,-0.0329906,-0.314659,-0.14498,0.345054,0.142425,0.0801104,-0.358828,-0.356527,-0.551521,-1.85132,1.07395,0.137396,0.305713,-0.0539577,0.35617,0.328887,0.342743,0.420624,0.0162683,0.475112,0.708555,0.84051,0.933027,0,0,0,
0,-0.0171896,-0.0746075,-0.00721602,-0.22181,0.108938,-0.00764028,-0.0476219,-0.0331887,-0.314808,-0.145002,0.344956,0.142765,0.0801602,-0.358662,-0.356447,-0.551596,-1.85142,1.07473,0.137534,0.306197,-0.0540318,0.35617,0.328882,0.342727,0.42061,0.017133,0.475665,0.704185,0.8366,0.932146,0,0,0,
0,-0.0173448,-0.0743593,-0.00703457,-0.221192,0.109299,-0.0071142,-0.0472627,-0.0334419,-0.316,-0.145203,0.345264,0.143055,0.0804142,-0.358354,-0.35608,-0.551759,-1.85223,1.07819,0.136289,0.304911,-0.0541794,0.356146,0.328839,0.342706,0.420605,0.019767,0.506423,0.71877,0.856453,0.948299,0,0,0,
0,-0.0177932,-0.0744169,-0.00675254,-0.221346,0.11099,-0.00687456,-0.046699,-0.0336523,-0.317376,-0.145504,0.345979,0.143283,0.0804957,-0.358142,-0.35555,-0.551212,-1.85298,1.08449,0.134019,0.306094,-0.0540554,0.356208,0.328856,0.342758,0.420606,0.0246498,0.562565,0.784524,0.923662,0.979249,0,0,0,
0,-0.017593,-0.0746149,-0.00671513,-0.221615,0.112423,-0.00684642,-0.0463293,-0.0336596,-0.317321,-0.145543,0.346298,0.143325,0.0805914,-0.358176,-0.35521,-0.55036,-1.85335,1.08606,0.132813,0.307015,-0.0540278,0.356268,0.328858,0.342771,0.420623,0.0278501,0.598222,0.845398,0.971923,1.0014,0,0,0,
0,-0.0177103,-0.0746534,-0.00666691,-0.221837,0.11562,-0.00712378,-0.0460918,-0.0334501,-0.3165,-0.145716,0.34629,0.143368,0.0805084,-0.358843,-0.354476,-0.548457,-1.85396,1.09239,0.130506,0.305274,-0.0540317,0.356243,0.328811,0.342822,0.42059,0.0348193,0.694432,0.938852,1.04338,1.03546,0,0,0,
0,-0.0176907,-0.0745975,-0.00671342,-0.222085,0.118558,-0.00790423,-0.0460811,-0.0334916,-0.316739,-0.145893,0.34673,0.143299,0.0803003,-0.359498,-0.352631,-0.545852,-1.85404,1.10412,0.128071,0.297248,-0.053983,0.356229,0.328732,0.342818,0.420525,0.0430765,0.769058,1.01218,1.09398,1.06383,0,0,0,
0,-0.0175651,-0.0745883,-0.00677766,-0.222063,0.119692,-0.00855125,-0.0460721,-0.0335649,-0.316489,-0.145933,0.34694,0.143253,0.0801515,-0.360135,-0.351606,-0.544095,-1.85418,1.11127,0.125796,0.290938,-0.0540336,0.356172,0.328672,0.342768,0.420463,0.0476019,0.790627,1.03425,1.10849,1.07184,0,0,0,
0,-0.0174204,-0.0744772,-0.00682122,-0.22286,0.121727,-0.0109014,-0.0461697,-0.033716,-0.316956,-0.146112,0.347448,0.143239,0.0801433,-0.361834,-0.347841,-0.540274,-1.85383,1.13609,0.117571,0.271437,-0.0540541,0.356146,0.328659,0.34277,0.420454,0.0573511,0.808686,1.05076,1.11666,1.07821,0,0,0,
0,-0.0176472,-0.0744283,-0.00672291,-0.223385,0.122909,-0.0124857,-0.046149,-0.0338139,-0.317497,-0.146202,0.347796,0.14254,0.0802049,-0.362812,-0.34435,-0.535145,-1.85354,1.15585,0.111752,0.256635,-0.0539701,0.356051,0.32863,0.3428,0.420399,0.0638696,0.811313,1.05182,1.11524,1.0762,0,0,0,
0,-0.0173691,-0.0743602,-0.00671944,-0.224788,0.127294,-0.017764,-0.0460644,-0.0338997,-0.316365,-0.146798,0.348251,0.141287,0.0799826,-0.364329,-0.335487,-0.52388,-1.8502,1.19668,0.101561,0.227515,-0.0540595,0.355767,0.328554,0.342844,0.420334,0.0743831,0.809219,1.0489,1.10459,1.07091,0,0,0,
0,-0.0168185,-0.0746064,-0.006491,-0.226561,0.136189,-0.0259943,-0.0458197,-0.0344254,-0.315226,-0.147388,0.348458,0.141831,0.0795299,-0.364845,-0.325629,-0.510349,-1.84426,1.24145,0.0933982,0.1991,-0.0544094,0.355527,0.328471,0.342793,0.420214,0.084662,0.802537,1.03343,1.08392,1.06073,0,0,0,
0,-0.0167415,-0.0750822,-0.00625955,-0.226018,0.14312,-0.0306793,-0.0454355,-0.0345198,-0.315129,-0.147194,0.348486,0.142034,0.0793883,-0.364215,-0.320665,-0.504136,-1.84006,1.2637,0.0906737,0.188021,-0.0545162,0.355474,0.328453,0.342758,0.420217,0.0869132,0.796248,1.02724,1.07495,1.0542,0,0,0,
0,-0.0168803,-0.0756113,-0.00617056,-0.225999,0.156202,-0.0385454,-0.0455174,-0.0343456,-0.315533,-0.146857,0.348743,0.142756,0.0793861,-0.362131,-0.313584,-0.492501,-1.82958,1.30319,0.0852238,0.166849,-0.0545462,0.355561,0.328455,0.34276,0.42033,0.0864759,0.788109,1.01192,1.05928,1.04761,0,0,0,
0,-0.0175537,-0.0753034,-0.0057754,-0.226352,0.166813,-0.045646,-0.0456349,-0.0345416,-0.31612,-0.146525,0.348783,0.143854,0.0796609,-0.358787,-0.310968,-0.482837,-1.81647,1.3457,0.0777361,0.140688,-0.0546465,0.355771,0.328442,0.342714,0.420421,0.0849203,0.767811,0.983623,1.02304,1.0232,0,0,0,
0,-0.0174127,-0.074465,-0.00566772,-0.227388,0.170117,-0.0489826,-0.0460891,-0.0346945,-0.316006,-0.146467,0.34903,0.144328,0.0795029,-0.356958,-0.311135,-0.478689,-1.80876,1.36444,0.0738797,0.129487,-0.0548068,0.355891,0.328457,0.342733,0.420489,0.0778167,0.73086,0.94048,0.980814,0.991866,0,0,0,
0,-0.0173295,-0.0728804,-0.0058147,-0.230054,0.174174,-0.0534765,-0.0463377,-0.0345924,-0.318018,-0.145932,0.35055,0.144843,0.0798861,-0.351111,-0.31271,-0.471378,-1.79492,1.39462,0.0720963,0.107629,-0.0549089,0.35607,0.328372,0.342698,0.42045,0.0573757,0.629708,0.822771,0.857518,0.898699,0,0,0,
0,-0.0171097,-0.0714067,-0.00602476,-0.231114,0.176424,-0.0569106,-0.046326,-0.0341261,-0.320188,-0.145408,0.352663,0.144514,0.0800698,-0.342876,-0.315629,-0.465955,-1.77505,1.37109,0.0738627,0.0994436,-0.0547479,0.356274,0.328384,0.342812,0.420477,0.0228934,0.471092,0.683909,0.73357,0.784106,0,0,0,
0,-0.0171035,-0.0706101,-0.00596157,-0.231374,0.176893,-0.0581708,-0.0463194,-0.0340345,-0.319385,-0.145184,0.352876,0.143997,0.0798012,-0.338996,-0.317723,-0.464376,-1.76807,1.32893,0.0756058,0.0964004,-0.0547232,0.356346,0.328367,0.342823,0.420498,-0.00034587,0.411216,0.621801,0.660248,0.727281,0,0,0,
0,-0.0168445,-0.0692338,-0.00579248,-0.230411,0.178842,-0.0595463,-0.0459591,-0.0343767,-0.31781,-0.145538,0.352658,0.14305,0.0790717,-0.331344,-0.322313,-0.469705,-1.75596,1.17655,0.0861334,0.092166,-0.0548041,0.356386,0.328312,0.342747,0.420418,-0.0347798,0.315869,0.505075,0.531084,0.611336,0,0,0,
0,-0.0172413,-0.0684157,-0.00528232,-0.231044,0.183158,-0.0609018,-0.0452621,-0.0350648,-0.317464,-0.146364,0.351888,0.142563,0.0788703,-0.32428,-0.328151,-0.482473,-1.74566,0.865684,0.109566,0.0974917,-0.0549255,0.356341,0.328234,0.342754,0.420442,-0.0662795,0.255642,0.414594,0.440136,0.505554,0,0,0,
0,-0.0179974,-0.0683476,-0.00486098,-0.230325,0.186258,-0.0612355,-0.0449572,-0.0350193,-0.317978,-0.146728,0.351257,0.142597,0.0789337,-0.322144,-0.334128,-0.495038,-1.73753,0.675009,0.118427,0.103318,-0.0549308,0.356294,0.328276,0.342802,0.420406,-0.0755879,0.236285,0.375392,0.395808,0.455707,0,0,0,
0,-0.019835,-0.0681582,-0.00394833,-0.22821,0.193235,-0.0617334,-0.044537,-0.034864,-0.318656,-0.147206,0.350855,0.142841,0.0787308,-0.324414,-0.352691,-0.520102,-1.71713,0.257507,0.120873,0.111291,-0.0549221,0.356114,0.328341,0.342765,0.420033,-0.0942392,0.208484,0.325056,0.317386,0.382208,0,0,0,
0,-0.0207596,-0.0681799,-0.00365554,-0.228052,0.197975,-0.0618412,-0.0444726,-0.0347094,-0.318484,-0.147083,0.351646,0.142889,0.0791434,-0.327043,-0.361755,-0.530154,-1.71211,0.0687474,0.117353,0.10776,-0.0548074,0.356101,0.328502,0.342808,0.418215,-0.101648,0.200196,0.305121,0.28888,0.344261,0,0,0,
0,-0.0218082,-0.0681823,-0.00319113,-0.229615,0.207143,-0.0609663,-0.0442811,-0.0349912,-0.321168,-0.147085,0.353806,0.142159,0.0803649,-0.330891,-0.372201,-0.544971,-1.70411,-0.212165,0.114787,0.103919,-0.0544955,0.355773,0.328832,0.342792,0.413749,-0.107113,0.193867,0.27697,0.251791,0.289101,0,0,0,
0,-0.0222351,-0.0688984,-0.00330896,-0.233509,0.217194,-0.0596821,-0.0441476,-0.0349201,-0.321133,-0.146866,0.354591,0.141373,0.07942,-0.331426,-0.375695,-0.54959,-1.69761,-0.371166,0.114258,0.108083,-0.0544123,0.35546,0.328804,0.342831,0.411902,-0.109294,0.188826,0.254882,0.218357,0.246203,0,0,0,
0,-0.0220984,-0.0692302,-0.00336077,-0.236304,0.222675,-0.0591854,-0.0440403,-0.0353643,-0.319774,-0.146871,0.353608,0.141117,0.0785928,-0.330399,-0.374899,-0.552463,-1.69365,-0.429913,0.113172,0.109689,-0.0545096,0.355285,0.3287,0.342763,0.412234,-0.110213,0.186462,0.246538,0.207399,0.227611,0,0,0,
0,-0.0220039,-0.0694172,-0.00362563,-0.239854,0.230508,-0.057902,-0.0439733,-0.035747,-0.315783,-0.146903,0.349502,0.141004,0.0776111,-0.327766,-0.371633,-0.555655,-1.68463,-0.520864,0.106381,0.113582,-0.0548105,0.355166,0.328503,0.34277,0.413582,-0.110191,0.179724,0.231549,0.186138,0.203195,0,0,0,
0,-0.0232271,-0.0693702,-0.00385998,-0.241976,0.237065,-0.0558244,-0.0439088,-0.035472,-0.315886,-0.146997,0.346846,0.142053,0.077351,-0.326428,-0.369229,-0.558089,-1.67825,-0.631271,0.104562,0.11706,-0.0549752,0.355112,0.328373,0.342702,0.415466,-0.112544,0.173367,0.212595,0.158525,0.182904,0,0,0,
0,-0.0237202,-0.0693718,-0.00424755,-0.242373,0.24022,-0.0544435,-0.0439218,-0.0352115,-0.317332,-0.146804,0.347061,0.142467,0.0775323,-0.326301,-0.367861,-0.55983,-1.67556,-0.682464,0.106769,0.120761,-0.0549495,0.355157,0.32835,0.342662,0.416297,-0.114803,0.169452,0.203539,0.139513,0.171808,0,0,0,
0,-0.0240619,-0.0692873,-0.00450092,-0.243008,0.244423,-0.053232,-0.0439934,-0.0349351,-0.317051,-0.14651,0.347558,0.142765,0.0776744,-0.325,-0.366648,-0.562412,-1.66721,-0.764165,0.114494,0.124533,-0.0547547,0.355322,0.328443,0.342712,0.417283,-0.121293,0.163771,0.184602,0.119895,0.158496,0,0,0,
0,-0.0239881,-0.0689655,-0.00528446,-0.244166,0.245987,-0.0522808,-0.0443694,-0.034209,-0.316639,-0.146442,0.3476,0.142658,0.0775755,-0.321492,-0.36644,-0.564883,-1.65982,-0.829582,0.127181,0.131901,-0.0547777,0.355441,0.328477,0.342958,0.417659,-0.130579,0.156573,0.174404,0.113389,0.157446,0,0,0,
0,-0.0243611,-0.0691366,-0.00548761,-0.244141,0.246375,-0.0521772,-0.044571,-0.0336373,-0.315776,-0.146251,0.346745,0.143242,0.0778994,-0.319414,-0.366517,-0.565574,-1.65483,-0.860165,0.131889,0.132523,-0.0548112,0.355543,0.328518,0.343097,0.417861,-0.130522,0.153756,0.170505,0.111519,0.157828,0,0,0,
0,-0.0245679,-0.0689945,-0.00578224,-0.243747,0.246574,-0.052411,-0.044994,-0.033241,-0.316904,-0.1455,0.347551,0.143437,0.0788516,-0.314668,-0.366965,-0.565031,-1.64774,-0.919371,0.139168,0.132966,-0.0545008,0.355894,0.328584,0.342577,0.417753,-0.128392,0.148833,0.164401,0.103967,0.150643,0,0,0,
0,-0.0244283,-0.068685,-0.00584847,-0.24313,0.247725,-0.0536134,-0.0446659,-0.0325507,-0.316692,-0.144986,0.347556,0.143527,0.0787079,-0.31157,-0.366754,-0.564543,-1.63889,-0.964971,0.14487,0.128583,-0.0544973,0.356096,0.328519,0.34215,0.417493,-0.123408,0.146755,0.159295,0.0944427,0.138695,0,0,0,
0,-0.0240339,-0.0685848,-0.0059309,-0.243712,0.248773,-0.0548764,-0.0444945,-0.0323676,-0.316327,-0.14455,0.347699,0.14336,0.0784325,-0.30995,-0.366684,-0.563885,-1.63627,-0.977488,0.146537,0.122547,-0.0545475,0.356083,0.328444,0.342137,0.417445,-0.123106,0.146296,0.158194,0.0918692,0.136363,0,0,0,
0,-0.024009,-0.0676782,-0.00590071,-0.244037,0.249633,-0.0562319,-0.0445444,-0.0315912,-0.31589,-0.143975,0.347472,0.142422,0.0778756,-0.309135,-0.36579,-0.560769,-1.63411,-0.986467,0.149187,0.113153,-0.0544653,0.35623,0.328387,0.342367,0.417513,-0.122561,0.144973,0.157776,0.0909676,0.138376,0,0,0,
0,-0.0238729,-0.0673569,-0.00573523,-0.244571,0.250111,-0.0568298,-0.0443741,-0.0316007,-0.31657,-0.143839,0.34775,0.142129,0.077409,-0.309336,-0.365358,-0.559262,-1.63393,-0.99078,0.150692,0.109743,-0.0545069,0.356205,0.328351,0.342518,0.417509,-0.121697,0.144731,0.15695,0.0910551,0.139523,0,0,0,
0,-0.0238098,-0.0670965,-0.00553982,-0.246292,0.251886,-0.0571523,-0.0437964,-0.0320021,-0.316745,-0.144247,0.348432,0.1408,0.0770531,-0.309718,-0.364892,-0.555445,-1.63281,-0.994259,0.151174,0.105393,-0.0545456,0.356108,0.328399,0.342725,0.417447,-0.119235,0.143809,0.156458,0.0910775,0.138422,0,0,0,
0,-0.0239345,-0.0670213,-0.00547237,-0.246833,0.252531,-0.056131,-0.043677,-0.0322285,-0.313247,-0.144858,0.346056,0.140205,0.0766514,-0.309994,-0.364675,-0.553015,-1.63172,-0.996245,0.15085,0.100945,-0.0546234,0.355969,0.328383,0.34285,0.417494,-0.116968,0.143853,0.156737,0.0907581,0.132604,0,0,0,
0,-0.0237699,-0.0669893,-0.00557315,-0.247059,0.252742,-0.0557456,-0.0436005,-0.0323415,-0.312053,-0.145048,0.345029,0.140328,0.0766046,-0.309902,-0.364621,-0.552129,-1.63068,-0.996648,0.150859,0.0988403,-0.0546562,0.355903,0.328362,0.342848,0.417526,-0.11535,0.144228,0.156835,0.0899753,0.128675,0,0,0,
0,-0.0232913,-0.066872,-0.00569528,-0.247681,0.252823,-0.0555731,-0.0437448,-0.0325505,-0.311505,-0.145154,0.344113,0.140626,0.0766176,-0.310042,-0.36439,-0.550091,-1.62938,-0.998962,0.151855,0.0963812,-0.0547001,0.355882,0.328354,0.342914,0.417564,-0.113191,0.144552,0.15677,0.0898935,0.126336,0,0,0,
0,-0.0233125,-0.0666566,-0.00562498,-0.248607,0.25272,-0.0558138,-0.0437915,-0.0326298,-0.311198,-0.145175,0.343505,0.14088,0.076853,-0.310314,-0.364193,-0.548747,-1.628,-1.00014,0.153242,0.0957151,-0.0545598,0.355968,0.328336,0.34303,0.417779,-0.113105,0.1444,0.155398,0.0893801,0.127314,0,0,0,
0,-0.0229872,-0.0665836,-0.0056298,-0.249043,0.252732,-0.0559768,-0.0437229,-0.0327211,-0.310498,-0.145155,0.343461,0.140934,0.0768776,-0.309978,-0.364558,-0.547891,-1.62757,-1.00116,0.155081,0.0954031,-0.0545245,0.355961,0.328306,0.343053,0.417833,-0.11369,0.144241,0.155066,0.0891058,0.127447,0,0,0,
0,-0.0226415,-0.0661292,-0.00578396,-0.249122,0.25238,-0.0559293,-0.0441899,-0.033052,-0.310855,-0.145592,0.343655,0.140931,0.0770586,-0.310021,-0.364903,-0.545362,-1.62625,-1.00153,0.157789,0.0939761,-0.0544461,0.355978,0.328291,0.343074,0.41783,-0.114083,0.144192,0.15449,0.0881548,0.127052,0,0,0,
0,-0.0230211,-0.0657039,-0.00585422,-0.248749,0.251976,-0.0556728,-0.0444594,-0.0334217,-0.311659,-0.145952,0.343444,0.1411,0.0774901,-0.310068,-0.36449,-0.543277,-1.62518,-1.00206,0.16005,0.0912496,-0.0543586,0.355987,0.32839,0.343109,0.41793,-0.113834,0.14475,0.155131,0.0891152,0.127459,0,0,0,
0,-0.0233172,-0.065433,-0.00591197,-0.248522,0.251667,-0.0555048,-0.0445963,-0.0334619,-0.311601,-0.146115,0.343161,0.141173,0.0775886,-0.310049,-0.364226,-0.542496,-1.62472,-1.00127,0.16107,0.0902295,-0.0543688,0.355984,0.328446,0.343171,0.418034,-0.113592,0.145473,0.156421,0.0897661,0.126836,0,0,0,
0,-0.0232308,-0.0651838,-0.00590625,-0.248682,0.251,-0.0554377,-0.0442914,-0.0338136,-0.311791,-0.146617,0.343143,0.141258,0.077817,-0.308578,-0.363416,-0.538584,-1.62084,-0.932876,0.179848,0.0905066,-0.0543056,0.356022,0.328556,0.343294,0.418148,-0.11748,0.146104,0.154475,0.087181,0.122723,0,0,0,
0,-0.0239869,-0.064986,-0.0057792,-0.248769,0.249801,-0.0562988,-0.0437933,-0.0339956,-0.312318,-0.147233,0.343157,0.141318,0.078057,-0.301943,-0.365405,-0.534139,-1.61815,-0.748437,0.209685,0.0875185,-0.0543422,0.356016,0.328611,0.343416,0.41828,-0.118834,0.154848,0.163078,0.110982,0.132753,0,0,0,
0,-0.0241994,-0.0648701,-0.0056891,-0.248312,0.249643,-0.0565176,-0.0437362,-0.034321,-0.312758,-0.147542,0.343144,0.141258,0.0781909,-0.297442,-0.367907,-0.530306,-1.6131,-0.601272,0.242579,0.0851932,-0.0544486,0.35602,0.328639,0.343446,0.418319,-0.123495,0.16361,0.180896,0.126383,0.144644,0,0,0,
0,-0.0241469,-0.0646582,-0.00590201,-0.247197,0.250408,-0.0568815,-0.0441595,-0.0345112,-0.312945,-0.147988,0.343231,0.14193,0.0781358,-0.287476,-0.37318,-0.52263,-1.59451,-0.340895,0.315641,0.105284,-0.0546057,0.356118,0.328785,0.343532,0.418476,-0.12919,0.181097,0.213585,0.182799,0.198742,0,0,0,
0,-0.0242251,-0.0646585,-0.00577287,-0.246584,0.251231,-0.0579716,-0.0442851,-0.0346035,-0.312412,-0.147858,0.343173,0.142359,0.0780565,-0.281275,-0.37665,-0.516924,-1.56377,-0.274625,0.356802,0.134587,-0.0546597,0.356095,0.328841,0.343614,0.418568,-0.127054,0.188874,0.238324,0.204979,0.244947,0,0,0,
0,-0.0240274,-0.0649111,-0.00575894,-0.242908,0.251757,-0.0586225,-0.0442119,-0.0346409,-0.312212,-0.147698,0.343246,0.142774,0.0782587,-0.271228,-0.385374,-0.510058,-1.50541,-0.287094,0.428183,0.200173,-0.0544111,0.35614,0.328897,0.343756,0.418729,-0.116104,0.214708,0.282924,0.257663,0.310129,0,0,0,
0,-0.0238441,-0.0660908,-0.00660934,-0.236306,0.250497,-0.0589409,-0.0434039,-0.0338845,-0.313647,-0.147754,0.34403,0.143037,0.0789383,-0.262741,-0.387089,-0.512201,-1.40199,-0.302089,0.486827,0.191485,-0.0539979,0.356219,0.328898,0.343807,0.418752,-0.101293,0.272975,0.323237,0.308978,0.372268,0,0,0,
0,-0.0229865,-0.0669639,-0.00746019,-0.232784,0.24876,-0.0592326,-0.0431845,-0.0336845,-0.315944,-0.147867,0.345345,0.142839,0.0789463,-0.258979,-0.381664,-0.518439,-1.32045,-0.268513,0.519465,0.147768,-0.0538267,0.356225,0.328924,0.343765,0.418808,-0.0802284,0.290573,0.341014,0.333864,0.396611,0,0,0,
0,-0.0200799,-0.067926,-0.00948936,-0.221852,0.236743,-0.0600287,-0.0441166,-0.0342757,-0.315694,-0.148377,0.346003,0.141213,0.0779371,-0.25218,-0.363874,-0.534362,-1.1133,-0.0996354,0.505028,0.00745005,-0.0537158,0.356075,0.328761,0.343741,0.418786,-0.0442499,0.314838,0.365418,0.362444,0.444655,0,0,0,
0,-0.014367,-0.0675204,-0.011464,-0.20493,0.215343,-0.0609906,-0.0465278,-0.0364824,-0.308388,-0.149497,0.34146,0.140396,0.0776239,-0.235008,-0.33755,-0.540508,-0.905558,0.172597,0.474267,-0.15624,-0.0535169,0.355895,0.328681,0.343714,0.418851,-0.0140139,0.314778,0.362608,0.370458,0.460257,0,0,0,
0,-0.0109716,-0.0670892,-0.0128706,-0.194538,0.201874,-0.0613392,-0.0484979,-0.0371466,-0.303463,-0.149911,0.338045,0.141145,0.0781759,-0.217654,-0.325381,-0.538827,-0.820096,0.274097,0.43225,-0.204719,-0.0528693,0.356086,0.328767,0.34382,0.419018,0.00746681,0.312016,0.361767,0.368877,0.46279,0,0,0,
0,-0.00886046,-0.0683745,-0.0153439,-0.162059,0.167006,-0.0600046,-0.051404,-0.0356018,-0.302979,-0.147917,0.337484,0.147641,0.0785902,-0.1823,-0.304921,-0.555752,-0.663837,0.426607,0.342945,-0.243103,-0.050978,0.35685,0.328969,0.344003,0.419099,0.0255345,0.312765,0.36107,0.36828,0.466077,0,0,0,
0,-0.00993973,-0.0688622,-0.0157996,-0.129422,0.136983,-0.0577592,-0.0519677,-0.0343782,-0.311973,-0.143535,0.346852,0.152048,0.078795,-0.152006,-0.287488,-0.583955,-0.576963,0.498161,0.277092,-0.237254,-0.0490031,0.357682,0.329073,0.344002,0.419044,0.0318355,0.313459,0.365907,0.366673,0.466944,0,0,0,
0,-0.0108128,-0.0683362,-0.0153754,-0.108806,0.117448,-0.0561199,-0.0510039,-0.0337959,-0.315521,-0.14227,0.352662,0.151456,0.0783459,-0.138059,-0.274831,-0.604097,-0.539436,0.529586,0.247378,-0.237617,-0.0484031,0.357885,0.329014,0.343915,0.418965,0.0316519,0.315411,0.366649,0.366142,0.468878,0,0,0,
0,-0.0129932,-0.0672608,-0.0130947,-0.0774769,0.0853925,-0.0546673,-0.0489485,-0.0329853,-0.314655,-0.140532,0.358937,0.148276,0.0774115,-0.115935,-0.250278,-0.466576,-0.486976,0.56746,0.212888,-0.230032,-0.0474612,0.357886,0.328737,0.343705,0.418786,0.0353554,0.321778,0.37682,0.373883,0.479193,0,0,0,
0,-0.0128686,-0.0658272,-0.0107276,-0.0526881,0.0563511,-0.0538855,-0.0481472,-0.0327608,-0.304009,-0.141536,0.358185,0.142519,0.0752348,-0.0962644,-0.225669,-0.350309,-0.448523,0.570338,0.19735,-0.20248,-0.0460172,0.357597,0.328648,0.343697,0.418462,0.0481832,0.324087,0.384061,0.376137,0.484618,0,0,0,
0,-0.0141311,-0.0659253,-0.00944355,-0.0403554,0.0397357,-0.0520167,-0.0478593,-0.0324439,-0.298423,-0.142292,0.355536,0.141422,0.0741145,-0.0892078,-0.215601,-0.329685,-0.433031,0.572163,0.188452,-0.192191,-0.0452862,0.357555,0.328639,0.343644,0.418349,0.0538925,0.323555,0.385501,0.375122,0.483098,0,0,0,
0,-0.0186557,-0.0646397,-0.00710857,-0.0202876,0.00345545,-0.0456335,-0.0482012,-0.0343713,-0.28939,-0.143539,0.350672,0.139056,0.0715858,-0.0775669,-0.198173,-0.31766,-0.411,0.548312,0.175965,-0.171368,-0.0437003,0.357121,0.328388,0.343299,0.417918,0.0575839,0.320359,0.386059,0.368609,0.475671,0,0,0,
0,-0.0219458,-0.0637411,-0.00575326,-0.0130906,-0.0125463,-0.0421141,-0.0482572,-0.0360401,-0.284935,-0.144211,0.346398,0.137674,0.0706948,-0.0737301,-0.191006,-0.324128,-0.398349,0.534263,0.172106,-0.162244,-0.0428991,0.357127,0.328273,0.343288,0.418018,0.0552061,0.31837,0.385516,0.365706,0.472937,0,0,0,
0,-0.0266569,-0.0620563,-0.00349978,-0.00415004,-0.0482795,-0.0317671,-0.0482397,-0.0400508,-0.274256,-0.145725,0.337349,0.135292,0.0681718,-0.0682912,-0.176448,-0.336653,-0.373323,0.510419,0.168491,-0.149541,-0.0419819,0.356878,0.327909,0.34289,0.417912,0.0534448,0.315852,0.385045,0.360035,0.467573,0,0,0,
0,-0.0291003,-0.0602984,-0.00221576,-0.00176465,-0.0749225,-0.0220314,-0.0493231,-0.044544,-0.265252,-0.147779,0.328466,0.133411,0.0657208,-0.0663342,-0.158702,-0.357745,-0.335663,0.502484,0.159759,-0.138343,-0.0402903,0.356244,0.327133,0.341929,0.417237,0.0512452,0.316562,0.382835,0.354404,0.46166,0,0,0,
0,-0.029975,-0.0584643,-0.00199234,-0.0031564,-0.089007,-0.0160473,-0.050698,-0.0466376,-0.262031,-0.148991,0.32518,0.132425,0.0649527,-0.0655775,-0.150262,-0.364874,-0.317363,0.494735,0.156028,-0.131883,-0.0397558,0.355857,0.326665,0.341335,0.416833,0.0512624,0.316773,0.377616,0.350003,0.458705,0,0,0,
0,-0.0303326,-0.0550325,-0.00239388,-0.0053969,-0.107509,-0.00835561,-0.0528786,-0.04994,-0.259503,-0.151562,0.324189,0.132731,0.0651739,-0.0628229,-0.132174,-0.37252,-0.287352,0.483512,0.14334,-0.12685,-0.0348204,0.356435,0.326291,0.339967,0.41624,0.050588,0.316052,0.368801,0.344454,0.454224,0,0,0,
0,-0.0274131,-0.0526545,-0.00435648,-0.0082884,-0.119846,-0.00323713,-0.0546921,-0.0517432,-0.263659,-0.154008,0.330072,0.135627,0.0648241,-0.0584206,-0.117885,-0.384931,-0.260536,0.480751,0.131815,-0.123827,-0.0216996,0.357865,0.326021,0.338585,0.415861,0.0502294,0.313363,0.365701,0.341217,0.448762,0,0,0,
0,-0.0256877,-0.0515947,-0.00528645,-0.00944394,-0.123806,-0.00162934,-0.0554822,-0.0519817,-0.266859,-0.15475,0.333939,0.136691,0.0644273,-0.0550785,-0.111956,-0.388215,-0.250785,0.479309,0.128184,-0.119533,-0.0186956,0.358189,0.325736,0.337604,0.41533,0.0491087,0.311003,0.365076,0.338592,0.443974,0,0,0,
0,-0.0220199,-0.0502104,-0.00658518,-0.0101139,-0.128885,-0.000313366,-0.0564826,-0.0516332,-0.272404,-0.154682,0.340721,0.13714,0.0624356,-0.0504028,-0.103187,-0.399021,-0.235625,0.481048,0.125315,-0.106483,-0.0187435,0.358289,0.324373,0.335242,0.413861,0.0478774,0.307122,0.364979,0.33079,0.43112,0,0,0,
0,-0.0191359,-0.050163,-0.00691215,-0.00944661,-0.130207,-0.000959984,-0.0558528,-0.0519448,-0.276356,-0.15375,0.341917,0.132322,0.0589618,-0.0454154,-0.0931377,-0.414767,-0.221404,0.484108,0.132277,-0.0938157,-0.0262324,0.356936,0.321548,0.332015,0.411558,0.0508021,0.308047,0.36676,0.324049,0.420908,0,0,0,
0,-0.0182991,-0.0504833,-0.00688881,-0.00894778,-0.130466,-0.00138074,-0.0555125,-0.0522049,-0.280822,-0.15342,0.342221,0.126669,0.0539814,-0.0437586,-0.0880098,-0.423555,-0.214339,0.487957,0.137162,-0.0898023,-0.0275916,0.355511,0.320331,0.330255,0.409879,0.0513531,0.309864,0.368285,0.322368,0.417553,0,0,0,
0,-0.0171922,-0.0508569,-0.00675279,-0.00867412,-0.131539,-0.00275946,-0.0550877,-0.0534497,-0.287725,-0.154016,0.335531,0.10458,0.0260336,-0.0410173,-0.0766428,-0.437484,-0.199478,0.497978,0.140903,-0.0824743,-0.017654,0.3492,0.314698,0.326632,0.406189,0.0526607,0.312786,0.370123,0.317713,0.40847,0,0,0,
0,-0.0169488,-0.0504639,-0.00628809,-0.00776868,-0.133445,-0.00440364,-0.0546958,-0.0538268,-0.266652,-0.157796,0.318673,0.0900547,-0.00391106,-0.0383948,-0.065698,-0.449598,-0.187147,0.504753,0.138266,-0.0787518,-0.00923248,0.338753,0.307552,0.322454,0.404197,0.0522761,0.315069,0.370682,0.313978,0.399334,0,0,0,
0,-0.0162598,-0.0495609,-0.00607494,-0.00720433,-0.135566,-0.00588352,-0.0559711,-0.0544452,-0.254922,-0.15951,0.30706,0.0861151,-0.0136041,-0.0383454,-0.0609569,-0.453979,-0.181837,0.505497,0.135786,-0.0780936,-0.00666485,0.333834,0.304219,0.320304,0.403425,0.0515538,0.315247,0.370447,0.312467,0.39582,0,0,0,
0,-0.0167178,-0.0481807,-0.00561458,-0.00564641,-0.137955,-0.00735251,-0.0576061,-0.0553844,-0.241116,-0.16212,0.288068,0.0846699,-0.0206192,-0.0372357,-0.053263,-0.461388,-0.173096,0.506127,0.130184,-0.0777527,-0.00433685,0.327089,0.300427,0.317048,0.401764,0.0501312,0.311662,0.368804,0.309142,0.390645,0,0,0,
0,-0.0165186,-0.0477484,-0.00552371,-0.00575403,-0.138858,-0.00791882,-0.0585159,-0.0559424,-0.235482,-0.163093,0.282586,0.0867433,-0.0181814,-0.0370353,-0.050061,-0.462308,-0.169623,0.504596,0.126967,-0.0793595,-0.00577813,0.326004,0.299383,0.316167,0.400823,0.0495381,0.310075,0.367851,0.307626,0.389014,0,0,0,
0,-0.0161912,-0.0473697,-0.00538945,-0.00580259,-0.139624,-0.00833963,-0.0598212,-0.0570858,-0.238413,-0.162987,0.283192,0.0952517,-0.00202525,-0.03685,-0.0454971,-0.464626,-0.162758,0.503638,0.11908,-0.080949,-0.0155978,0.328511,0.30143,0.316499,0.401729,0.0491588,0.304169,0.366338,0.3061,0.387384,0,0,0,
0,-0.0151016,-0.0476789,-0.0052395,-0.00591138,-0.13945,-0.00853505,-0.0602347,-0.0583537,-0.254283,-0.161896,0.296496,0.0988467,0.00723566,-0.0363087,-0.0427788,-0.461254,-0.157455,0.502647,0.112833,-0.0821635,-0.019658,0.332348,0.303544,0.317105,0.400999,0.0495251,0.299689,0.36515,0.305314,0.386225,0,0,0,
0,-0.0149243,-0.0483607,-0.00489588,-0.00568614,-0.138616,-0.00879718,-0.0595136,-0.0582719,-0.258905,-0.161411,0.302708,0.0993294,0.00833211,-0.0356286,-0.0420459,-0.458788,-0.155313,0.501149,0.110569,-0.0831931,-0.0208397,0.333533,0.304115,0.317292,0.400901,0.0498333,0.298582,0.363663,0.305174,0.385868,0,0,0,
0,-0.0149994,-0.0501599,-0.00391431,-0.00691409,-0.137204,-0.00913855,-0.0575473,-0.0576724,-0.262214,-0.160613,0.310021,0.0979631,0.00788449,-0.0340634,-0.0419593,-0.454914,-0.153562,0.499287,0.106249,-0.0875025,-0.0208899,0.334289,0.30455,0.317697,0.400726,0.0510206,0.29861,0.359787,0.306085,0.387123,0,0,0,
0,-0.0144174,-0.051649,-0.00272866,-0.00808099,-0.13584,-0.00993329,-0.0546249,-0.0567055,-0.26178,-0.160076,0.31237,0.0967735,0.00699181,-0.0322311,-0.0421267,-0.448337,-0.153038,0.498679,0.101351,-0.0863647,-0.0201703,0.334706,0.30471,0.3177,0.40046,0.0520204,0.298252,0.356693,0.306255,0.387382,0,0,0,
0,-0.0147255,-0.0524638,-0.00204874,-0.00791135,-0.135171,-0.0103276,-0.0532463,-0.0564683,-0.26131,-0.159982,0.312412,0.0962792,0.00732825,-0.0311497,-0.0425147,-0.444227,-0.154296,0.497617,0.0996069,-0.0841341,-0.0202636,0.335014,0.304801,0.317694,0.40029,0.0521728,0.297729,0.356303,0.306483,0.387349,0,0,0,
0,-0.0140143,-0.0530145,-0.0018382,-0.00888558,-0.135378,-0.0106062,-0.0532069,-0.0555245,-0.260642,-0.160109,0.311875,0.0941354,0.00806914,-0.0321621,-0.0429846,-0.439658,-0.158405,0.497191,0.0960889,-0.0780491,-0.0192603,0.336221,0.30607,0.31805,0.400446,0.0522531,0.296516,0.356572,0.30646,0.38758,0,0,0,
0,-0.0138286,-0.0531693,-0.00177336,-0.00913017,-0.135743,-0.010683,-0.0532518,-0.0547976,-0.258599,-0.160018,0.310705,0.0928745,0.00769279,-0.0335309,-0.0426583,-0.433503,-0.162756,0.495695,0.0941732,-0.0745322,-0.0191143,0.336728,0.306472,0.31792,0.400549,0.0518626,0.295588,0.356721,0.306481,0.389457,0,0,0,
0,-0.0136564,-0.0529097,-0.00171877,-0.00892907,-0.136142,-0.0107382,-0.0536034,-0.0545113,-0.256714,-0.159998,0.308886,0.0916599,0.00792956,-0.034782,-0.0426866,-0.430772,-0.16452,0.494123,0.0934788,-0.0746419,-0.018894,0.336856,0.306579,0.317885,0.400602,0.0517869,0.295349,0.357011,0.306911,0.390917,0,0,0,
0,-0.0127196,-0.0517721,-0.00143528,-0.00896006,-0.137549,-0.0108323,-0.0549211,-0.0543003,-0.253086,-0.160647,0.30437,0.0889596,0.0076516,-0.0379741,-0.0429477,-0.423294,-0.16749,0.491207,0.0916958,-0.0748955,-0.0180942,0.337055,0.306734,0.31797,0.400621,0.0517105,0.294906,0.357664,0.307251,0.392141,0,0,0,
0,-0.0121692,-0.0502224,-0.0016056,-0.00968815,-0.138062,-0.00988343,-0.0568985,-0.0535752,-0.250563,-0.160606,0.300128,0.087917,0.00700289,-0.0407643,-0.0428286,-0.418383,-0.169007,0.488028,0.0889706,-0.0749775,-0.0166219,0.33703,0.306641,0.317954,0.40053,0.0519567,0.294372,0.358332,0.307501,0.392558,0,0,0,
0,-0.0119947,-0.0497667,-0.00169876,-0.00997385,-0.137749,-0.00962099,-0.0574275,-0.0533435,-0.252388,-0.160309,0.299901,0.0873743,0.00650769,-0.0415068,-0.0428386,-0.416854,-0.169339,0.486811,0.087816,-0.0750606,-0.0155909,0.336902,0.306487,0.31792,0.400396,0.0519484,0.29432,0.358664,0.307734,0.393226,0,0,0,
0,-0.0114739,-0.0489958,-0.00174412,-0.0108121,-0.13698,-0.0105716,-0.0586438,-0.0524348,-0.254463,-0.159641,0.301146,0.0863063,0.00492578,-0.0426228,-0.0431085,-0.414819,-0.169672,0.484893,0.0862411,-0.0744915,-0.013788,0.336704,0.306055,0.317636,0.400252,0.0521536,0.29455,0.359204,0.308324,0.394634,0,0,0,
0,-0.0113862,-0.0485773,-0.00177899,-0.0114103,-0.136678,-0.0109169,-0.0588032,-0.0523757,-0.25512,-0.159269,0.301824,0.0855745,0.0043457,-0.0429465,-0.043443,-0.415023,-0.169594,0.484637,0.0859431,-0.0743235,-0.0130621,0.336639,0.305982,0.317681,0.40026,0.0522329,0.294802,0.359225,0.30847,0.39512,0,0,0,
0,-0.0116865,-0.0482001,-0.00165503,-0.011244,-0.135883,-0.0110479,-0.0589439,-0.0515,-0.254152,-0.158761,0.301129,0.0852623,0.00402944,-0.0430042,-0.0435564,-0.417077,-0.16945,0.484849,0.0856682,-0.0733483,-0.0127523,0.336677,0.30592,0.317697,0.4002,0.0521319,0.294826,0.359122,0.308544,0.395295,0,0,0,
0,-0.0123386,-0.0486078,-0.00131893,-0.0109888,-0.13487,-0.0111248,-0.0587499,-0.0513882,-0.253828,-0.158397,0.29952,0.0848392,0.00454912,-0.0425627,-0.0436057,-0.419254,-0.169216,0.4862,0.0855202,-0.0725047,-0.0130982,0.336698,0.306043,0.317822,0.400226,0.0521714,0.294921,0.359297,0.308923,0.395751,0,0,0,
0,-0.0126202,-0.0488414,-0.00113308,-0.011184,-0.134429,-0.0112696,-0.0585507,-0.0514877,-0.253737,-0.158246,0.299247,0.0846783,0.004519,-0.0422084,-0.0437441,-0.420122,-0.169078,0.487018,0.0856246,-0.0717337,-0.0133234,0.336673,0.30605,0.317859,0.400257,0.0520926,0.295133,0.359487,0.309051,0.396007,0,0,0,
0,-0.0131039,-0.0489629,-0.000985819,-0.0112984,-0.134374,-0.0107638,-0.0582758,-0.0515542,-0.254599,-0.158431,0.29934,0.0844638,0.00468013,-0.0419248,-0.0438635,-0.421379,-0.169118,0.487639,0.0874447,-0.0706899,-0.0141345,0.336761,0.306106,0.318036,0.40031,0.0518444,0.296003,0.359615,0.309217,0.396308,0,0,0,
0,-0.0129568,-0.0490085,-0.000914105,-0.0114607,-0.134321,-0.00980656,-0.0581954,-0.0516807,-0.25391,-0.158528,0.299024,0.0844867,0.00458845,-0.0417422,-0.0438958,-0.4219,-0.169054,0.488302,0.0879383,-0.0696497,-0.0144839,0.336772,0.306077,0.318064,0.400319,0.0520733,0.296328,0.359581,0.309103,0.396142,0,0,0,
0,-0.0129189,-0.0488974,-0.000904955,-0.0117402,-0.134315,-0.0097858,-0.0582141,-0.0518915,-0.253564,-0.158719,0.299465,0.0847613,0.00459921,-0.0417443,-0.0439128,-0.421957,-0.169223,0.488773,0.0877994,-0.0692981,-0.0148198,0.336745,0.305961,0.318052,0.400398,0.052092,0.296358,0.359684,0.309104,0.396079,0,0,0,
0,-0.0132902,-0.0486213,-0.000843145,-0.0114939,-0.134356,-0.00960854,-0.0583947,-0.0520842,-0.254264,-0.159107,0.300597,0.0859612,0.00713958,-0.0423973,-0.0435845,-0.422596,-0.169169,0.489161,0.087767,-0.0688417,-0.0156246,0.33705,0.306287,0.318224,0.401091,0.052064,0.296646,0.359887,0.309469,0.396108,0,0,0,
0,-0.0133601,-0.0484751,-0.000842993,-0.0103067,-0.13351,-0.00942956,-0.0590445,-0.0521171,-0.255436,-0.159002,0.301784,0.0877603,0.0102187,-0.0430275,-0.0432415,-0.42404,-0.169157,0.486127,0.0859217,-0.0690212,-0.0162114,0.337357,0.306638,0.318313,0.401268,0.0526109,0.297064,0.360569,0.310252,0.396792,0,0,0,
0,-0.0135359,-0.048424,-0.000680098,-0.00988072,-0.133154,-0.00946803,-0.0591798,-0.052229,-0.256194,-0.158853,0.302245,0.0882013,0.0108909,-0.0431299,-0.0432864,-0.426483,-0.16897,0.48365,0.085872,-0.0692164,-0.0163344,0.337486,0.306703,0.318283,0.401257,0.0524792,0.297417,0.360911,0.310641,0.397459,0,0,0,
0,-0.0138033,-0.048364,-0.000451112,-0.0091915,-0.132903,-0.00963005,-0.0591558,-0.0522545,-0.257415,-0.158759,0.303495,0.0887284,0.0112297,-0.043351,-0.0431714,-0.430103,-0.168862,0.484948,0.0853035,-0.0689612,-0.0167788,0.337525,0.306639,0.318082,0.401118,0.0524635,0.297352,0.361308,0.310687,0.397967,0,0,0,
0,-0.0143742,-0.0483979,-0.000312614,-0.00876106,-0.132696,-0.00962256,-0.0590108,-0.0523362,-0.257455,-0.158746,0.303632,0.0888659,0.0113123,-0.0436113,-0.0427242,-0.430693,-0.168814,0.485801,0.0852775,-0.0678447,-0.0166872,0.337626,0.306643,0.318056,0.401109,0.0523473,0.29737,0.361536,0.310554,0.39806,0,0,0,
0,-0.014628,-0.0483473,-0.000232472,-0.00871643,-0.132637,-0.00966822,-0.0588854,-0.0523599,-0.257097,-0.158813,0.303089,0.0891881,0.0113054,-0.0437724,-0.0425741,-0.431658,-0.169049,0.486221,0.0850912,-0.0673758,-0.0167243,0.337676,0.306648,0.31808,0.401153,0.0521576,0.297195,0.361621,0.310444,0.397995,0,0,0,
0,-0.0149997,-0.0481468,-0.000114435,-0.00764471,-0.1327,-0.00945854,-0.0587179,-0.0525736,-0.257849,-0.159017,0.302013,0.089408,0.0114522,-0.0439736,-0.0425901,-0.433396,-0.169196,0.487993,0.0847754,-0.0674293,-0.0165766,0.337756,0.306664,0.318207,0.401362,0.0517854,0.297043,0.361741,0.310406,0.397882,0,0,0,
0,-0.0149447,-0.0478107,-0.000127843,-0.00776167,-0.133083,-0.0095571,-0.0590919,-0.0526687,-0.257659,-0.159099,0.301925,0.0895325,0.0111293,-0.0444146,-0.0426128,-0.433164,-0.169391,0.488302,0.0846733,-0.0675009,-0.0165403,0.337783,0.30663,0.31823,0.401348,0.0517105,0.296974,0.361791,0.310378,0.397796,0,0,0,
0,-0.015806,-0.0473421,7.63363e-05,-0.00745802,-0.133289,-0.00972303,-0.05875,-0.0530579,-0.257528,-0.159456,0.301732,0.090034,0.0108677,-0.044727,-0.0426226,-0.433447,-0.169389,0.487927,0.085131,-0.0677786,-0.0167031,0.337719,0.306512,0.318124,0.401327,0.0514557,0.296916,0.361714,0.31046,0.397628,0,0,0,
0,-0.0166183,-0.0470323,0.000133938,-0.00678818,-0.132137,-0.00968053,-0.0587528,-0.0528803,-0.258363,-0.15971,0.301607,0.0902731,0.0109563,-0.0450138,-0.0422969,-0.434139,-0.169256,0.48766,0.0852054,-0.067921,-0.0168152,0.337616,0.306483,0.318057,0.401312,0.0512475,0.296768,0.361646,0.31045,0.397467,0,0,0,
0,-0.0167427,-0.0471068,0.000167638,-0.00664079,-0.131009,-0.00963129,-0.0586712,-0.052814,-0.258296,-0.159666,0.301602,0.0903885,0.0109487,-0.0450022,-0.0421275,-0.433898,-0.168967,0.487575,0.0851978,-0.068345,-0.0167615,0.337614,0.306543,0.318045,0.401334,0.0512705,0.296758,0.361789,0.310543,0.397495,0,0,0,
0,-0.0162234,-0.0471605,8.43837e-05,-0.00641622,-0.128565,-0.0103626,-0.0585762,-0.0530695,-0.257426,-0.159758,0.301763,0.0903557,0.0109928,-0.045053,-0.0421325,-0.433612,-0.168774,0.487418,0.0849605,-0.0682393,-0.0167207,0.337608,0.306599,0.318003,0.401349,0.051169,0.296908,0.361903,0.310547,0.397503,0,0,0,
0,-0.0156438,-0.0471008,-1.14076e-05,-0.00570642,-0.126562,-0.011279,-0.0584636,-0.0535057,-0.255729,-0.159732,0.301109,0.0903875,0.011286,-0.0451587,-0.042303,-0.433945,-0.168593,0.487495,0.0849371,-0.0678377,-0.0167513,0.337607,0.306667,0.318066,0.401374,0.0510405,0.296793,0.36185,0.310399,0.397342,0,0,0,
0,-0.0149924,-0.0470731,-0.00017314,-0.0051339,-0.125906,-0.0114488,-0.0584812,-0.0535825,-0.254587,-0.159658,0.300291,0.0903181,0.0115789,-0.0452674,-0.0422894,-0.433562,-0.168528,0.487215,0.084904,-0.0675892,-0.0166562,0.337654,0.306757,0.318114,0.401422,0.0510222,0.296618,0.361814,0.310308,0.397262,0,0,0,
0,-0.0141869,-0.0470944,-0.000353604,-0.00452713,-0.125018,-0.0119898,-0.0584655,-0.0537744,-0.253712,-0.159678,0.299186,0.0901116,0.011524,-0.0453907,-0.0422286,-0.432293,-0.168264,0.486312,0.084828,-0.0675168,-0.0166002,0.337579,0.306722,0.318122,0.401412,0.0510265,0.296547,0.361874,0.310272,0.39719,0,0,0,
0,-0.0138527,-0.0470622,-0.00035856,-0.00491725,-0.124923,-0.012493,-0.0584882,-0.0540287,-0.252702,-0.159747,0.298948,0.0899649,0.0114801,-0.0455265,-0.0424127,-0.431667,-0.168041,0.48579,0.0845159,-0.0673547,-0.01659,0.337565,0.306719,0.318199,0.401439,0.0509812,0.296513,0.362018,0.310283,0.397111,0,0,0,
0,-0.0139027,-0.0469559,-0.000381041,-0.00518145,-0.124911,-0.0126509,-0.0584969,-0.0541224,-0.252496,-0.159786,0.298823,0.0899731,0.0115344,-0.0455198,-0.0424624,-0.431886,-0.167999,0.485828,0.0844157,-0.0672899,-0.0165528,0.337575,0.306742,0.31825,0.401436,0.0509982,0.296459,0.362036,0.310205,0.397049,0,0,0,
0,-0.0138073,-0.0466487,-0.000586074,-0.00568754,-0.124945,-0.0127299,-0.0586431,-0.0543158,-0.251875,-0.159942,0.298311,0.0901044,0.0115842,-0.045672,-0.0425311,-0.432769,-0.167991,0.486926,0.0842089,-0.0674081,-0.0164706,0.337585,0.306735,0.318299,0.401353,0.0510033,0.296104,0.361989,0.310111,0.396911,0,0,0,
0,-0.0135239,-0.0464796,-0.000793361,-0.00596009,-0.124892,-0.0128439,-0.0587798,-0.0543188,-0.249824,-0.159774,0.297005,0.0901486,0.0116481,-0.0459597,-0.0426292,-0.433488,-0.168125,0.48829,0.0843605,-0.0676101,-0.0167244,0.337521,0.306739,0.318221,0.401287,0.0510669,0.295836,0.36198,0.310058,0.396877,0,0,0,
0,-0.0133767,-0.0464946,-0.0008266,-0.0059609,-0.124759,-0.0129134,-0.0586783,-0.0544375,-0.249447,-0.159643,0.2963,0.0901618,0.0118404,-0.0459782,-0.0426732,-0.434412,-0.168101,0.488513,0.0845364,-0.0674318,-0.0167943,0.337499,0.306777,0.318033,0.401347,0.0510538,0.295675,0.361911,0.310009,0.396789,0,0,0,
0,-0.0135648,-0.0462006,-0.000856184,-0.0056955,-0.124785,-0.012979,-0.0587886,-0.0546786,-0.249799,-0.159712,0.295987,0.0902203,0.0119183,-0.0462858,-0.0425745,-0.435247,-0.168128,0.488837,0.0845324,-0.0673801,-0.0169614,0.33739,0.306708,0.317762,0.401316,0.0510758,0.295494,0.361934,0.31,0.396727,0,0,0,
0,-0.0135733,-0.0460709,-0.000729258,-0.00571267,-0.12482,-0.0130979,-0.0588317,-0.0549854,-0.249434,-0.159682,0.295815,0.0902924,0.0119099,-0.0463745,-0.0426489,-0.43492,-0.168021,0.48867,0.0846297,-0.0674253,-0.016893,0.337299,0.306686,0.317713,0.401284,0.051038,0.295431,0.361947,0.309974,0.396677,0,0,0,
0,-0.0134557,-0.0451851,-0.000542018,-0.00563352,-0.125839,-0.0132158,-0.0595784,-0.055339,-0.249226,-0.159571,0.29525,0.0903742,0.0119077,-0.0472713,-0.043056,-0.434873,-0.168024,0.488157,0.0849321,-0.0672939,-0.0168081,0.337276,0.306797,0.317826,0.401279,0.0511192,0.295253,0.361957,0.310346,0.396422,0,0,0,
0,-0.0134392,-0.0446771,-0.00049646,-0.0060827,-0.126149,-0.0126967,-0.0596962,-0.0556746,-0.250122,-0.159726,0.29563,0.090388,0.0120428,-0.0475726,-0.0429463,-0.433665,-0.167793,0.487013,0.0852917,-0.0666233,-0.0168815,0.336999,0.306791,0.318044,0.401246,0.0509305,0.295247,0.362129,0.310867,0.396221,0,0,0,
0,-0.0135717,-0.0444753,-0.000588046,-0.00661033,-0.125859,-0.0125153,-0.0596916,-0.0557063,-0.249569,-0.159737,0.29591,0.0902815,0.0124248,-0.0476546,-0.0429242,-0.433392,-0.167738,0.486644,0.0853604,-0.0665504,-0.0169033,0.336959,0.306938,0.318435,0.401243,0.0508614,0.295162,0.362181,0.310977,0.396245,0,0,0,
0,-0.0132994,-0.0443728,-0.00082027,-0.00816543,-0.124938,-0.0124146,-0.0597011,-0.0558459,-0.249083,-0.159806,0.296269,0.0902906,0.0126258,-0.0478525,-0.0428736,-0.432993,-0.167535,0.48593,0.0854666,-0.0662791,-0.01691,0.336931,0.306992,0.31884,0.401275,0.0508158,0.294861,0.362218,0.311014,0.396181,0,0,0,
0,-0.0127157,-0.0448809,-0.000682892,-0.00895861,-0.122913,-0.0124233,-0.0590541,-0.0561057,-0.247796,-0.159518,0.295586,0.0900572,0.0128301,-0.0473957,-0.0432456,-0.434064,-0.167375,0.485939,0.0854502,-0.0657292,-0.0170865,0.336867,0.306922,0.318944,0.401345,0.050936,0.294817,0.362172,0.310863,0.395953,0,0,0,
0,-0.0127804,-0.0449621,-0.000672423,-0.00898223,-0.122508,-0.0121534,-0.0588279,-0.0560552,-0.247381,-0.15966,0.295168,0.0898368,0.0129461,-0.047382,-0.043295,-0.434026,-0.16732,0.48604,0.0855071,-0.0654842,-0.0171267,0.336897,0.306958,0.318976,0.401347,0.0510084,0.294772,0.362174,0.310813,0.395827,0,0,0,
0,-0.01295,-0.0446769,-0.000633858,-0.009107,-0.121131,-0.0117794,-0.0583311,-0.0562829,-0.247349,-0.159507,0.295323,0.0902326,0.0127881,-0.0468681,-0.0435999,-0.433864,-0.167003,0.485424,0.0860305,-0.0649535,-0.0172906,0.336976,0.306974,0.318959,0.401266,0.0510105,0.295075,0.362265,0.310955,0.395621,0,0,0,
0,-0.0134053,-0.0440143,-0.0011843,-0.00925608,-0.120848,-0.0117013,-0.0583163,-0.0565243,-0.248745,-0.159746,0.296195,0.0903345,0.0127615,-0.0467692,-0.0434723,-0.433317,-0.167358,0.484237,0.0854252,-0.0637216,-0.0176691,0.336835,0.307,0.318871,0.40117,0.0509386,0.295326,0.362415,0.310939,0.395441,0,0,0,
0,-0.0137965,-0.0437032,-0.00133931,-0.00912168,-0.120805,-0.0116549,-0.0582664,-0.0566904,-0.249956,-0.159861,0.296749,0.0903184,0.013075,-0.046791,-0.043475,-0.433942,-0.168108,0.483794,0.0856508,-0.0634051,-0.0176453,0.336763,0.307053,0.318914,0.401135,0.0508025,0.2953,0.362449,0.310902,0.395399,0,0,0,
